10,0,0,10;31,41,51,52,53,54,64;74,73,63,62,61,60,50,40,30,20,10,0,1,2,3,4,14;33,23,13,12;7,17,16,26,36,35,34;66,56,46;8,18,28,27,37,47,48,58,68,78,88,87,86,85,84,83,82,81;38,39,49,59,69,79,89,99,98,97,96,95,94,93,92,91,90,80,70,71,72;9,19,29;57,67,77,76,75,65,55,45,44,43,42,32,22,21,11;24,25,15,5,6
10,0,0,10;73,63,53,43,44;98,99,89,79,78,77,76,86,96,95,94,84,83,82,81;54,64,74,75,85;2,1,0,10,20,30,40,50,60,70,71,72,62,52,42,32,33,34,35,36,46,56;28,38,48,58,57,67,66,65,55,45;18,17,16,15,14,24,23,22;97,87,88;68,69,59,49,39,29,19,9,8,7,6,5,4,3,13,12,11,21,31,41,51,61;25,26,27,37,47;93,92,91,90,80
10,0,0,10;14,4,3,2,1,0,10,20,30,40,50,60,70,80,90,91,92,93,94,95,96,97,98,99,89,79,69,59,49,39;26,27,37,38;51,61,62,72;29,28,18,17,16;41,31,21,11,12,13,23,24;73,63,64,65,66;19,9,8,7,6,5,15,25;74,75,76,77,67,57,56,55,54,53,52;45,44,43,42;71,81,82,83,84,85,86,87,88,78,68,58,48,47,46,36,35,34,33,32,22
10,0,0,12;53,43,33,23,13,14,4,5,6,7,8,9;81,82,83,73,74,75,65,55,56,57,58,59;46,45,44,34,24,25,15,16,17,18,19,29;37,47,48,49,39;38,28,27,26,36,35;30,40,50,60,61,62,52,42,32,22,12,11;88,87,77,67,68;78,79,69;63,64,54;66,76,86,85,84;51,41,31,21,20,10,0,1,2,3;72,71,70,80,90,91,92,93,94,95,96,97,98,99,89
10,0,0,12;35,36,46,56,66,67;79,69,59,49,39,29,19,9,8,7,6,5,4,14;68,58,57,47,37,27,26,25,24,23,13,3,2,1,0,10,20,30,40,50,51,52,62,72,71,81;77,87,97,98;76,86,96;61,60,70,80,90,91,92,93,94,95,85,75,65;78,88,89,99;12,11,21,31,41,42,43,53,54;55,45,44,34,33,32,22;82,83,84,74;15,16,17,18,28,38,48;73,63,64
10,0,0,8;13,12,11,21,31,41,51,52,53,54,55;18,28,38,48,58,57,56,66,65,64,63;17,27,37,47,46,45,44,43,33;42,32,22,23,24,14,4,3,2,1,0,10,20,30,40,50,60,70,80,90,91,92,93,94,95,96,97,98,99,89,79,69,59,49,39,29,19,9,8,7;62,61,71,81,82,83,84,85,86,87,88,78;68,67,77,76,75,74,73,72;36,26,16,6;34,35,25,15,5
10,0,0,9;0,1,2,3,4,5,6,7,8,9;41,31,32,33,34,44,54,53;66,56,57,47,48,49,59,69,79,78,88,87,86,85,84;81,82,72,62,63,64,65,55,45,35,25,26,27,28;22,21,20,30,40,50,60,70,80,90,91,92,93,83,73,74,75,76,77,67,68,58;43,42,52,51,61,71;46,36,37,38,39,29,19,18,17,16,15,14;89,99,98,97,96,95,94;10,11,12,13,23,24
10,0,0,8;72,73,74,84,94,95,96,97,98,99,89,79,69,59,49,39,29,19,18,17,16,15,14,13,12,11;62,61,71,81,82,83,93;87,86,85,75,65,64,63,53;77,76,66,56,55,54;10,0,1,2,3,4,5,6,7,8,9;42,43,44,45,46,47,57,67;28,27,26,25,24,23,22,21,20,30,40,50,60,70,80,90,91,92;52,51,41,31,32,33,34,35,36,37,38,48,58,68,78,88
10,0,0,11;13,3,2,1,0,10,20,21;4,5,6,16,26,27,37,47,57,56,55,54,53,43,33;17,18,28,38,48,58;78,68,67;46,45,44,34,24,23,22,12,11;7,8,9,19,29,39,49,59,69,79,89,99,98,97,96,95,94,93,92,82,81;83,84,85,86;36,35,25,15,14;88,87,77,76,66,65,64,63,62,52,42,32,31;91,90,80,70,60,50,40,30;41,51,61,71,72,73,74,75
10,0,0,9;88,78,68,58,57;36,26,16,15,14,13,12,11,21,31,41,51,61,71,81,82,83,84,85,86,76,66,56;69,79,89,99,98,97,96,95,94,93,92,91,90,80,70,60,50,40,30,20,10,0,1,2,3,4,5,6,7,8,9,19;17,27,37,38,39,49,59;18,28,29;48,47,46,45,55,65,75,74,73,63,53,43,33;67,77,87;72,62,52,42,32,22,23,24,25,35;64,54,44,34
10,0,0,10;66,65,75,85;76,77,67,57,56,46,45,44;86,87,88,78,68,58,48,47;40,30,20,10,0,1,2,3,4,14,24,23;9,8,7,6,5,15,25,35,34,33,43,53,63,73,72;16,17,18;19,29,28,27;13,12,11,21,31,41,51,50,60,70,80,90,91,92,93,94,95,96,97,98,99,89,79,69,59,49;55,54,64,74,84,83,82,81,71,61,62,52,42,32,22;39,38,37,36,26
10,0,0,10;16,15,14,13,12,22;77,67,57,47,46,45;64,65,75;85,86,76,66,56,55,54,53,63,73,83,82,81,71,61,51,41,31,21,11;24,23,33,32,42,52,62,72;36,37,38,28,29,19;18,17,27,26,25,35,34,44,43;9,8,7,6,5,4,3,2,1,0,10,20,30,40,50,60,70,80,90,91,92,93;74,84,94,95,96,97,98,99,89,79,69,59,49,39;87,88,78,68,58,48
10,0,0,10;83,73,72,62,52,51;42,41,31,21,22;95,96,97,98,99,89,79,69,59,49,39,38;2,1,0;54,55,45,35,25,15,5,6,7,8;9,19,29,28,27,37,47,57,67,77,76,75,74,64,63,53,43,44,34,24,14,4;12,11,10,20,30,40,50,60,61,71,81,82;18,17,16,26,36,46,56,66,65;3,13,23,33,32;70,80,90,91,92,93,94,84,85,86,87,88,78,68,58,48
10,0,0,11;42,32,33;10,0,1,2,3,4,5,6,7,8,9,19,29,39,49,59,69,79,89,99,98,97,87,77,67,66,65,64,63,53,43,44,34,35;25,26,36,37;27,17,16,15,14,13,12,11;18,28,38,48,47,46,45,55,54;24,23,22,21,31;71,70,80,90,91,92,93,94,95;20,30,40,41,51,52;50,60,61,62,72,73,74,75,76,86,96;88,78,68,58,57,56;85,84,83,82,81
10,0,0,9;26,27,28,29,39,49,59,69,79,78,77,76;0,10,20,30,40,50,60,70,80,90,91,92,93,94,95,96,97,98,99;85,84,83,82,81,71,61,51,41,31,21,11,1,2,3,4,5,6,7,8,9;89,88,87,86;35,25,24,23,33,43,53,63,64;47,57,56,55;67,68,58,48,38,37,36,46,45;19,18,17,16,15,14,13,12,22,32,42,52,62,72,73,74,75,65,66;54,44,34
10,0,0,10;46,45,35,34,33,32,31,41,51,61,71,81,82,83,84,85,86,87,88,78,68,58,48,38;67,77,76,75,65,64,63,53,52;28,18,8,7,6,5,4,3,2,1,0,10,20,30,40,50,60,70,80,90,91,92,93,94,95,96,97,98,99,89;25,26,36,37,47,57;27,17,16,15;11,21,22,23;42,43,44,54,55,56,66;62,72,73,74;9,19,29,39,49,59,69,79;12,13,14,24
10,0,0,10;88,78,77,76,75,74,73,72,62,61;22,23,24,34,44,54,55,56,57,58,59,49,39,29,19,9,8;43,53,63,64,65,66,67,68,69,79,89,99,98,97,87,86,85,84,83,82,81,71;46,45,35,25,26,16,6,5,4,3,2,1;42,32,33;27,37,36;30,20,10,0;96,95,94,93,92,91,90,80,70,60,50,51,52;7,17,18,28,38,48,47;40,41,31,21,11,12,13,14,15
10,0,0,9;60,70,71,81,82,83,84,85,75;14,24,34,33,43,53,63;86,87,88,89,79,69,59,49,39,29,19,9,8,7,6;41,31,21,11,12;76,66,65,64,54,44,45,35,25,15,5,4,3,2,1,0,10,20,30,40,50,51,61;55,56,46,36,26,16,17,18,28,38,48,58,68,78,77;99,98,97,96,95,94,93,92,91,90,80;67,57,47,37,27;74,73,72,62,52,42,32,22,23,13
10,0,0,11;11,12,13,14,15,16,17,7,8,9,19,29,39,49,59,69;78,79,89,99,98,97,96,95,94,93;83,84,85,86,87,88;2,3,4,5,6;65,55,45,46,36,37;31,32,33,34,35;44,54,53,52,51,50,60,70,80,90,91,92,82,72,73,74,75,76,66,56,57,47;1,0,10,20,21,22,23,24,25,26,27,28,18;64,63,62,61,71,81;77,67,68,58,48,38;43,42,41,40,30
10,0,0,10;49,48,38,28,18,17,16;35,34,33,23,13;77,76,66,56,46,36;98,99,89,79,69,59,58;30,40,50,60,70,80,90,91,92,93;97,96,95,94,84,83;44,43,53,63,64,65,75,85,86,87,88,78,68,67,57,47,37,27,26,25,15,5,6,7,8,9,19,29,39;74,73,72,62,52,42,32,22,12,11;45,55,54;82,81,71,61,51,41,31,21,20,10,0,1,2,3,4,14,24
10,0,0,11;77,78,79,89,99,98,97,96,95,94,93,92,91,90;74,64,54;60,70,80,81,82,83,84,85,75,65,55;61,71,72;11,12,13,14,15,16,17;73,63,53,43,42,41,31;44,45,46,56,66,76,86,87,88;62,52,51,50,40,30,20,21,22,32,33,34,35,36,37,47,57,67,68,69,59,49,39,29,28,18;38,48,58;27,26,25,24,23;19,9,8,7,6,5,4,3,2,1,0,10
10,0,0,9;23,33,43,42,52,62,72,73,74,64,65,55,45,35,25,15,5,4,3,2,1,0,10,20,30,40,50,60,70,80,90,91,92,93,94,95;24,34,44,54,53,63;19,18,17,27,37,47,57,56,66,76,86,96;87,77,67,68,58,48,38,28,29;21,11,12,13,14;9,8,7,6,16,26,36,46;88,78,79,69,59,49,39;97,98,99,89;75,85,84,83,82,81,71,61,51,41,31,32,22
10,0,0,10;88,78,68,67,57,47;19,9,8,7,6,5,4,3,2,1,0,10,20,30,40,41,51,52,53,54,55,45,35,34,24;71,70,80,90,91,92,93,94,95,96;22,23,33;49,39,29,28,27,26,25,15,14,13,12,11,21,31,32,42,43,44;16,17,18;36,37,38,48,58,59,69;86,85,84,83,82,81;79,89,99,98,97,87,77,76,75,74,73,72;46,56,66,65,64,63,62,61,60,50
10,0,0,12;87,86,76,75,65,55,56,57,58,68;25,24,14;90,80,70,60,50;6,7,8,18,28,38,48,49,59,69,79,89,99;73,74,64,54;72,82,83,84,85;9,19,29,39;11,12,13,23,33;45,46,47,37,27,17;30,31,32,42,52;22,21,20,10,0,1,2,3,4,5,15,16,26,36,35,34,44,43,53,63,62;66,67,77,78,88,98,97,96,95,94,93,92,91,81,71,61,51,41,40
10,0,0,8;23,22,32,42,43,53,63,73,83,84,85,86,87,88,78;50,40,30,20,10,0,1,2,3,4,5,6,7,8,18,28;26,36,46,47;79,89,99,98,97,96,95,94,93,92,91,90,80,70,60;82,72,62,52,51,41,31,21,11,12,13,14,24,25,35,45,55,65,66,67,68,69,59,49,39,29,19,9;81,71,61;56,57,58,48,38,37,27,17,16,15;33,34,44,54,64,74,75,76,77
10,0,0,9;91,81,71,61,51,41,42,32,22,23,24,25,26,36;78,68,58,57,56,55,54,64,63,73,83;18,28,38,48;90,80,70,60,50,40,30,31,21,11,12,13,14,15,16,17,27,37,47,46,45,44;98,88,87,77,67,66;97,96,95,94,93,92,82,72,62,52,53,43,33,34,35;20,10,0,1,2,3,4,5,6,7,8,9,19,29,39,49,59,69,79,89,99;65,75,76,86;85,84,74
10,0,0,11;1,0,10,20,30,40,50;78,68,58,48,38,28,18;67,66,65,75,85,95,94,93;17,7,8,9,19,29,39,49,59,69,79,89,99,98,97,96,86;91,81,71,72,62,52,42,32,33,23,24;14,13,12,22;56,57,47,37,27;76,77,87,88;90,80,70,60,61,51,41,31,21,11;15,25,35,34,44,43,53,63,73,83,82,92;2,3,4,5,6,16,26,36,46,45,55,54,64,74,84
10,0,0,8;11,21,31,41,51,61,71;65,66,67,77,87,86,85,84,83;36,46,56,57,58,68,78;43,33,23,13,3,4,5,6,7,8,9,19,29,39;44,34,24,14,15,16,17,18,28,38;76,75,74,73;81,82,72,62,63,64,54,55,45,35,25,26,27,37,47,48,49,59,69,79,89,99;88,98,97,96,95,94,93,92,91,90,80,70,60,50,40,30,20,10,0,1,2,12,22,32,42,52,53
10,0,0,10;61,71,81,82,83,84,85,86,76,66,65,64,63,53,43,42,41,31,21;89,79,69,59,58,48,47,46,45,44;78,88,98,99;22,32,33,34,35,36,37,38;8,7,6,5,4,3,2,1,0,10,20,30,40,50,60,70,80,90,91,92,93,94,95,96,97,87,77;54,55,56,57,67,68;9,19,18,17,16,15,14,24;75,74,73,72,62,52,51;49,39,29,28,27,26,25;11,12,13,23
10,0,0,10;1,11,21,31;8,18,28;87,86,85,75,65;33,32,42,41,51,61,71,81,82,83,84;14,15,16,26,36,46,56,66,67,68,58,48,38,39,29,19,9;52,62,72,73,74,64,54,55,45,35,25,24,23,22,12,2;0,10,20,30,40,50,60,70,80,90,91,92,93,94,95,96,97,98,99,89,79,69,59,49;88,78,77,76;63,53,43,44,34;13,3,4,5,6,7,17,27,37,47,57
11,0,0,10;85,74,73,62,51,50,49,48,47,46,45,34,23,12;109,120,119,118,107,96,95,94,93,82,71,70,69,68,67,66;53,42,31,20,19,18,17,16,15;89,100,101,102,91,80,81;84,83,72,61,60,59,58,57,56,55,44,33,22,11,0,1,2,13,24,35;90,79,78,77,88,99,110,111,112,113,114,115,116;92,103,104,105,106,117;38,39,40;36,37,26,27,28,29,30,41,52,63,64,75,86;108,97,98,87,76,65,54,43,32,21,10,9,8,7,6,5,4,3,14,25
11,0,0,10;57,58,47,48,37;36,25,14,3,4,5,6,7,8,9,10,21,32;22,11,0;74,85,96,95;2,13,24,35,46,45,56,67,78,89,100,101,102,103,104,105,106,107,108,97,86,75,64,53,52,51,50,39;73,84,83,94,93,92;1,12,23,34,33,44,55,66,77,88,99,110,111,112,113,114,115,116,117,118,119,120,109,98,87,76,65,54,43,42,31,20;91,80,81,82,71,72,61,62,63;90,79,68,69,70,59,60,49,38,27,28,29,40;26,15,16,17,18,19,30,41
11,0,0,13;67,66,55,44,33,22,11,0,1,2,3,4,5,6,7,18,29,30,41,52,63,74;61,50,49,48,47;77,88,99,110,111,112,113,114,115,116,105,94,95;12,13,14,15;20,31,42,53,64,75,86;117,106,107,96,85,84;28,39,38,37,36,35,46,57,56;90,91,92,81,70;45,34,23,24,25,26,27,16,17;40,51,62,73,72,71,60,59,58,69,68;97,108,119,118;80,79,78,89,100,101,102,103,104,93,82,83;120,109,98,87,76,65,54,43,32,21,10,9,8,19
11,0,0,12;48,49,50;81,92,93;82,71,70,69,80,91,90;52,63,74,85,96,95;36,37,38,39,40,41,42,43,54,65,76,87,98,109,120,119;78,67,56,45,34,23,12,13,14,15,16;5,6,7,8,9,10,21,32,31,30,29,28,27,26,25,24,35,46,47,58,59,60,61,72,83,94;118,117,116,115,114,113,112,111,110,99;51,62,73,84;53,64,75,86,97,108,107,106,105,104,103,102,101,100,89,88,77,66,55,44,33,22,11,0,1,2,3,4;17,18,19,20;79,68,57
11,0,0,11;69,58,47,36,25,26,27,28;51,62,63,64,75,86,97,108,107,106,95,84,83,82,81,70,59;116,105,94,93,92,91,80,79,78,77,88,99,110;71,60,49,48;100,111,112,113,114;10,9,20,31,42;21,32,43;24,35,46,57,68,67,66,55,44,33,22,11,0,1,2,3,4,5,6,7,8,19,30;56,45,34,23,12,13,14,15,16,17,18,29,40,41,52,53,54,65,76,87,98,109,120,119,118,117;37,38,39,50,61,72,73,74,85,96;115,104,103,102,101,90,89
11,0,0,11;106,105,104,103,102,101,100,89,78,67;20,31,42,53;108,107,96,95;33,44,45,46,47,58,59,60,71,82,81,80;35,34,23,22,11,0,1,2,3,4,5,6,7,18,29,40;12,13,24;27,26,37;50,61,72,83,94,93,92,91,90,79;70,69,68,57,56,55,66,77,88,99,110,111,112,113,114,115,116,117,118,119,120,109,98,87,76,75,74,63;64,65,54,43,32,21,10,9,8,19,30,41,52,51,62,73,84,85,86,97;48,49,38,39,28,17,16,15,14,25,36
11,0,0,12;41,40,51,62,73,84,83,82,81,80,69,68,67,56,45,34,23,22;11,0,1,2;42,31,20,9;7,6,5,4,3,14,25;100,101,102,103,104,105,106,107,108,97,86,75;18,17,16,15,26,37,38,39,50,61,72,71,70,59,58,57,46;12,13,24;8,19,30;27,28,29;89,88,99,110,111,112,113,114,115,116,117,118,119,120,109,98,87,76,65,64;60,49,48,47,36,35;33,44,55,66,77,78,79,90,91,92,93,94,95,96,85,74,63,52,53,54,43,32,21,10
11,0,0,10;110,99,88,77,66,55,44,45,46,47,58,69,68,79,90,101,102,103,92,93,94,95,96,85,74,75;71,82,83,84;91,80,81,70,59,48,37,36,35,34,33,22,11,0;13,14,15,16,5,6,7,8,9,10;86,97,108,107,106,105,104;111,100,89,78,67,56,57;31,30,29,40,39,38,49,60;42,41,52,51,50,61,72,73;112,113,114,115,116,117,118,119,120,109,98,87,76,65,64,63,62;53,54,43,32,21,20,19,18,17,28,27,26,25,24,23,12,1,2,3,4
11,0,0,13;10,21,32,43,42,41,40;71,70,81,92,93,94;9,20,31,30,29;12,11,22,33,44,55,66,77,88,99,110,111,112,113,114,115,116,117,118,119,120,109,98;87,76,65,54,53,52,51,62,61;107,108,97,86,75,64,63;89,100,101,102,103,104,105,106,95,84,83,82;60,59,58,47,36,37,38,27,16,5,6,7,8,19;80,69,68,57,46,35;48,49,50,39,28,17,18;0,1,2,13,14;96,85,74,73,72;3,4,15,26,25,24,23,34,45,56,67,78,79,90,91
11,0,0,9;44,33,22,11,0,1,2,3,4,5,6,7,8,19,20,31,42,53,64,75,86,97,108;78,89,100,101,102,103,104,105,106,107,96,85,74,63,52,41,30;47,46,35;83,82,81,80,69,58,57,56,45,34;9,10,21,32,43,54,65,76,87,98,109,120,119,118,117,116,115,114,113,112,111,110,99,88,77,66,55;60,61,62,51,40,29,18;67,68,79,90,91,92,93,94,95,84,73,72,71,70,59,48,37,36,25,24,23;49,38,27,26;12,13,14,15,16,17,28,39,50
11,0,0,12;110,99,88,77,66,55,44,33,22,11,0,1,2,3,4,5,6,7,8,9,10,21;14,13,24;108,107,106,105,104,103,92,81,82,83,72,61,60,59,58,57,68,79,90;71,70,69,80,91,102,101,100,111;112,113,114,115,116,117,118,119,120,109,98,87,76,65,54,43,32,31,30;47,48,49,50,39,40,41,42,53,64,63,74,73;52,51,62;20,19,18,17,16,15,26,25;97,96,95,94,93;12,23,34,45,56,67,78,89;75,86,85,84;29,28,27,38,37,36,35,46
11,0,0,12;45,56,55,66,77,88,99,110,111,112,113,114,103;20,31,42,53,64,75;80,81,70,59;15,16,17,18,29,40,51,62;90,79,68,69,58;44,33,22;0,1,2,13,24,25,26,27,28;14,3,4,5,6,7,8,9,10,21,32,43,54,65,76,87,86,85,74,73,72,61,50,39,38,37,36,35,34,23,12,11;63,52,41,30,19;60,71,82,83,84,95,96,97,98,109,120,119,118,117,116,115,104;57,46,47,48,49;108,107,106,105,94,93,92,91,102,101,100,89,78,67
11,0,0,9;30,41,40,39;46,47,36,37,38,49,60,61;104,103,102,101,100,89,78,67,56,45,34,23,12,13,14,15,16,17,18,19,20,31,42;70,71,72;85,96,95,94,105,116,115,114,113,112,111,110,99,88,77,66,55,44,33,22,11,0,1,2,3,4,5,6,7,8,9,10,21,32,43,54,53,52,51,50;35,24,25,26,27,28,29;62,63,64,65,76,87,98,109,120,119,118,117;48,59,58,57,68,79,90,91,92,93;69,80,81,82,83,84,73,74,75,86,97,108,107,106
11,0,0,10;108,97,96,85,74,63,62,61,60;52,51,50,49,38;36,47,46,45,56,67,68,79,90,91,92,93,94,95,84,73;43,54,65,76,87,98,109,120,119,118,117,116,115,114,113,112,111,110,99,88;9,10,21,32,31,42,41,40,39,28,27,26,37,48,59,70,71,72;20,19,8,7,6,5,4,3,2,1,0,11;30,29,18,17,16,15,14,25,24,35,34,33,44,55,66,77,78,89,100,101,102,103,104,105,106,107;83,82,81,80,69,58,57;13,12,23,22;53,64,75,86
11,0,0,12;91,92,81,70,59,48,49,50;83,84,85,74,75,64,53,54,43,32,21,10,9;17,16,15,26,25,24,35,46,57,68;28,27,38,37,36,47,58,69;65,76,87,86,97,108,107,106,105,104,103,102,101,90,79,80;8,19,20,31,42;63,52,41,30,29;14,13,12,23,34,45,56,67,78,89,100,99;72,73,62,51,40,39;61,60,71,82,93,94,95,96;18,7,6,5,4,3,2,1,0,11,22,33,44,55,66,77,88;110,111,112,113,114,115,116,117,118,119,120,109,98
11,0,0,10;103,114,113,112,111,110,99,88,89,90;47,36,37,26,15,16,17,18,19,20;72,61,50,39,40,41,30,31;85,74,63,64,53,42,43,32,21,10,9,8,7,6,5,4,3,2,13,12,23,34,45;48,59,58;14,25,24,35,46,57,56,55,66,77,78,79,80,81,82,83,94,105,106,107,108,97,86,75,76,65,54;29,28,27,38,49,60,71,70,69,68,67;87,98,109,120,119,118,117,116,115,104,93,92,91,102,101,100;44,33,22,11,0,1;52,51,62,73,84,95,96
11,0,0,13;20,31,30,29,28,39;120,109,98,87,76;54,53,52,63,62,73,84,95,94,93,82,71,60,49,48,47,36,35;19,18,17,16,27;92,81,70,59,58,57,46;34,23,12,13,14,15,4,5,6,7,8,9,10,21,32,43,42,41,40,51,50,61,72,83;79,90,101,100;56,55,66,77;89,88,99,110,111,112,113,114,115,116,117,118;45,44,33,22,11,0,1,2,3;119,108,97,86,75,64,65;24,25,26,37,38;74,85,96,107,106,105,104,103,102,91,80,69,68,67,78
11,0,0,9;12,23,34,45;80,81,82,83,84,85,96,97,98,109,120,119,118,117,116,105,104,103,102;115,114,113,112,111,110;91,92,93,94,95,106,107,108;86,87,76,65,54,43,32,21,10,9,8,7,6,5,4,3,2,1,0,11,22,33,44,55,66,77,88,99,100,101,90,79,68,69,70,71,72,73,74;38,39,40,51;41,30,29,28,27,26,37,48,49,50;25,36,47,58,59,60,61,62,63,64,75;52,53,42,31,20,19,18,17,16,15,14,13,24,35,46,57,56,67,78,89
11,0,0,12;6,7,8,9,20,31;37,26,15;13,12,23,34,45,56,67,78,89,90,91,92,103,104,105,106,107,108,97,86,75,64,53,42;102,101,100;62,73,84;60,71,70;58,47,36,25,14;93,94,95,96,85,74,63,52,41,30,19,18,17;24,35,46,57,68,79;51,40,29,28,27,16,5,4,3,2,1,0,11,22,33,44,55,66,77,88,99,110,111,112,113,114,115,116,117,118,119,120,109,98,87,76,65,54,43,32,21,10;59,48,49,38;39,50,61,72,83,82,81,80,69
11,0,0,11;100,89,78,67,56,57,58,47,36,25,24;51,52,63,74,73,84;18,29,28,39,50,61,62;55,66,77,88,99,110,111,112,101,90,79,68,69,70,71,72,83,94,105,106,107,108,97;93,104,115,116,117,118,119,120,109,98,87,76,65,54,43,32,21,10,9;20,31,42,53,64,75,86,85,96,95;40,41,30,19,8,7,6,5,4,3,2,1,0,11,22,33,44,45,46;80,91,102,113,114;48,37,26,15,14,13,12,23,34,35;82,81,92,103;17,16,27,38,49,60,59
11,0,0,13;116,115,114,103,92,81,70;2,1,0,11,22,33,44,55,66,77;64,75,86,85;17,16,27,38,37,36,47,58,59,60,61,62,51,40,41,30;65,76,87,98,97,96;107,108,109,120;72,83,94,95;89,78,67,56,45,34,23,12,13,14,3,4,5,6,7,8,9,10,21,32,43,54;110,111,112,113,102,91,80,69;88,99,100,101,90,79,68,57,46,35,24,25,26,15;119,118,117;106,105,104,93,82,71;48,49,50,39,28,29,18,19,20,31,42,53,52,63,74,73,84
11,0,0,11;106,105,116,115,114,113,112,111,110,99,88,77,66,55,44,33,22,23,12,13,14;4,3,2,1,0,11;17,18,29,40,39,50,49,48,59,58,69,80,81,82,83,72,73,74,63,64,53,42,31,20,9,8;119,108,97;28,27,38,37,36,47,46,57,68,79,90,91,92,93,94,95,84,85;78,67,56,45,34,35,24,25,26,15,16,5,6,7;117,118,107,96;19,30,41,52,51,62,61,60,71,70;86,87,98,109,120;10,21,32,43,54,65,76,75;104,103,102,101,100,89
11,0,0,12;48,37,26,15;12,13,24,35,46,45;34,23,22,11,0,1,2,3,14,25,36,47;79,78,89,100,101,102,103,114,115,116,117,118,119,120;84,83,82,71,60,61,62,63;90,91,80,69,68,67,66,77,88,99,110,111,112,113;6,7,8,9,10,21,32,31,30,29,28,27,38,49,50,51,52,53,64;20,19,18,17,16,5,4;75,86,97,96,95,94,93,92,81,70,59,58,57,56,55,44,33;76,87,98,109,108,107,106,105,104;72,73,74,85;39,40,41,42,43,54,65
11,0,0,12;92,93,94,83,72,61,50,39,40,41,42,31,20,19,18,17,16,15,4;5,6,7,8,9,10,21,32,43,54,65;26,25,36,47,58,57,56,55;97,96,95,84,73,62,51,52;53,64,63,74,85,86;89,100,101,112,113,114,115,116,117,118,119,120,109,98,87,76,75;108,107,106,105,104,103,102,91,90;14,3,2,1,0;22,11,12,13,24,35,46,45;37,48,59,70,69,68,67,66;30,29,28,27,38,49,60,71,82,81,80,79,78,77,88,99,110,111;23,34,33,44
11,0,0,11;96,85,84,83,82,81,92,91,90,89,100;62,51,40,41,30,19,18,17,16,15,14,25,36,35,34,23;75,76,87,98,109,120,119,118,117,116,115,114,113,112,111,110,99,88,77,66,55,44,33,22,11;58,59,60,49,38,39;71,70,69,68,57,46,47,48,37,26,27,28,29;95,94,93,104,103,102,101;2,3,4,5,6,7,8,9,10,21,32,43,54,65,64;0,1,12,13,24;50,61,72,73,74,63,52,53,42,31,20;80,79,78,67,56,45;105,106,107,108,97,86
11,0,0,10;92,91,90,79,68,67;120,119,118,107,96,85,74,63,52,41,40;94,83,72,61,60,49;109,108,97,86,75,64,53,42,31,30,29,28,27,16,15,14,13,2,1,0,11,22,33,44,45,46,47,48,59,70,71,82,93;12,23,34,35,36;17,18,19,20;81,80,69,58,57,56,55,66,77,88,99,110,111,112,113,114,115,116,117,106,95,84,73,62,51,50;39,38,37,26,25,24;3,4,5,6,7,8,9,10,21,32,43,54,65,76,87,98;78,89,100,101,102,103,104,105
11,0,0,8;91,92,93,94;38,49,60,71,70;24,13,12,11,22,33,44,45,46,47,58,69,68,67,78,89,100,101,102,103,104,105,106,95,96,85,74,63,52,41,30;107,108,97,86,75,64,53,42,31,20,19,18,29,40,51,62,73,84,83,82,81,80,79,90;25,36,35,34,23;0,1,2,3,4,5,6,7,8,9,10,21,32,43,54,65,76,87,98,109,120,119,118,117,116,115,114,113,112,111,110,99,88,77,66,55,56,57;59,48,37,26,27;14,15,16,17,28,39,50,61,72
11,0,0,9;17,16,15,14,13,12,23,34,45,44,55,66,77,88,99,110,111,112,113,114,115,116,117,118,119,120,109,98,87,76,75,74,73,62,51;33,22,11,0,1,2,3,4,5,6,7,18,29,40,39,38,49,48,59,58,69,68,79;53,42,31,20,19;30,41,52,63,64,65,54,43,32,21,10,9,8;90,91,80,81,70,71,60,61,50;108,97,86,85,84,95,94,105,104,103,102,101,100,89,78,67,56,57,46,35,24,25,26,27,28;37,36,47;96,107,106;92,93,82,83,72
11,0,0,10;120,109,98,87,76,75,74,73;43,54,65,64,63,62,61,72,83,82,81,80;59,58,57,68;97,108,119,118,117,116,115,114,113,112,111,110,99,88,77,66,55,44,33,22,11,0,1,2,3,4,5,6,7,8,9,10,21,32;96,107,106,105,104,103,102,101,100,89,78,67,56,45,34,23,12,13,14,15,16,17,18,19,20,31;48,47,36,25,26,27,28,29,30,41,42;40,39,38,37;79,90,91,92,93,94,95,84,85,86;46,35,24;53,52,51,50,49,60,71,70,69
11,0,0,11;58,57,56,55,66,77,88,99,110;75,86,97,108,107,106,95,84,83,82,81,80,79,90,101;96,85,74,63,62,61,50,49,48,47,46,35,34,23,12,13,14,15,16,17,18,29,30,41,42,53;73,72,71,60;28,27,26,25,24;115,116,105,94,93,92,91,102;45,44,33,22,11,0,1,2,3,4,5,6,7,8,19,20,31;52,51,40,39,38,37,36;64,65,54,43,32,21,10,9;104,103,114,113,112,111,100,89,78,67,68,69,70,59;117,118,119,120,109,98,87,76
12,0,0,11;29,17,16,15,14,13,25,37,49,61,73,85,97,109,121,122,123,124,125,113;126,138,137,136,135,134,133,132,120,108,96,84,72,60,48,36,24,12,0,1,2,3,4,5,6,7,8,9,10,11,23,35,47,59,71,83,95,107,119;30,31,32,33;52,64,76,77,78,90,102,114,115,127,139,140,141,142,143,131;18,19,20,21,22,34,46,58,70,82,94,106,118,117;130,129,128,116,104,105,93,81,80,68,56,55,54,53;103,91,92;75,63,51,39,40,41,42,43,44,45,57,69;79,67,66,65;100,112,111,110,98,86,74,62,50,38,26,27,28;99,87,88,89,101
12,0,0,11;142,143,131,119;13,14,15,16,17,18,19,20,21,22,34,46,58,70,82,81,80,92,91,90,89,88,100,99,98,97,109,121;73,72,84,96,108,120,132,133,134,135,136,137,138,139,140,141,129,117;85,86,87,75,76,77,78,79,67,68,69,57,45,33,32,31,30,29,28,27,26,25,37,49,50;44,43,42,41,40,39,38;102,101,113,112,111,110;51,52,53;130,118,106,107;63,64,65,66,54,55,56;122,123,124,125,126,114,115,103,104,105,93,94,95,83,71,59,47,35,23,11,10,9,8,7,6,5,4,3,2,1,0,12,24,36,48,60,61,62,74;116,128,127
12,0,0,14;9,10,11,23,35,47,59,71,83,95,107,119,131,143,142,141,140,139,138,126,114,102,101,100;122,123,124,112;84,72,60,61,62,74,75,87;38,39,40,52,64,76,88;133,132,120,108,96,97;77,65,53,41,29,28,27,26,25,37;12,13,14,15,16,17,18,30,42,54,55,67,79,91;0,1,2,3,4,5,6,7,8,20,21,22,34,46,58,70,82,94,106,118,130,129,128,127,115,103,104,92,80,68,56,44,43;19,31,32,33,45,57,69,81,93,105,117,116;121,109,110,111;63,51,50,49,48,36,24;66,78,90,89;99,98,86,85,73;113,125,137,136,135,134
12,0,0,13;83,71,59,47;81,82,94,106,105,117,116,115,114,113,101,89,90,91;27,39,40,52,53,54,42,30,31,19,20,21,22,34,46,58,70,69;66,65,64,63,51,50,38,26,14,15,16,28,29,41;80,68,56,57,45;73,85,86,98,110,122,134,135,136,137,138,139,140,141,142,143,131;102,103,104,92,93;124,123,111,99,87,75,74,62,61,49,37,25,13;133,132,120,108;125,126,127,128,129,130,118,119,107,95;35,23,11,10,9,8,7,6,18;33,32,44,43,55,67,79,78,77,76,88,100,112;17,5,4,3,2,1,0,12,24,36,48,60,72,84,96,97,109,121
12,0,0,12;132,120,108,96,84,72;76,88,100,101,113,114,115,116,117,118,130;89,77,78,79,80,68,56,44,32,33,34,46;29,17,16,15,14,13,25,37,38,39,51,52,53,54,55,43,31,19,20,21,22;26,27,28,40,41,42;123,122,110,98,86,74,62,50,49,48,36,24,12,0,1;102,90,91,92,93,94,95,83,71,70,58;59,47,35,23,11,10,9,8,7;30,18,6,5,4,3,2;60,61,73,85,97,109,121,133,134,135,136,137,138,139,140,141,142,143,131,119,107,106,105,104,103;82,81,69,57,45;129,128,127,126,125,124,112,111,99,87,75,63,64,65,66,67
12,0,0,10;79,80,81,82,94,106,118,130,129,128,127,126,138,137,136,135,134,133;51,52,64,76,88,89;44,32,20,8,9,10,11,23,35,47,59,71;83,95,107,119,131,143,142,141,140,139;132,120,121,122,123,124,125,113,114,115,116,117,105,93,92,91,90,78,77,65,53,41,40,39;111,99,87,75,63,62,50,38,26,27,28,29;86,74,73,61,49,37,25,13,14,15,16,17,18,30,42,54,66,67,68,69,70,58,46,34;96,108,109,110;112,100,101,102,103,104;22,21,33,45,57,56,55,43,31,19,7,6,5,4,3,2,1,0,12,24,36,48,60,72,84,85,97,98
12,0,0,13;126,114,115,116;22,21,20,32,31,30;84,96,108,120,132,133,134,135,136,137,138,139,140,141,142,143,131,119,107,95,83,71,59,47,46,45,57,56,68,67,66,54,53,52,51,50;72,73,74,75,87,99,98,110;19,18,17,16,15,14,13,25,24,36,48,60;89,90,91,92,93,94,82,70,58;33,34,35,23,11,10,9,8,7,6,5,4,3,2,1,0,12;44,43,55;69,81,80,79,78,77,76,88,100,112,111,123,122,121,109,97,85,86;26,27,28,29,41,42;124,125,113,101,102,103,104,105,117;40,39,38,37,49,61,62,63,64,65;127,128,129,130,118,106
12,0,0,14;33,32,44,56,55,67,79,78,77,65,64,52,40,28,16,15,14;129,130,118,106,94,93,81;139,127,115,103,104,92,80,68,69,57,45;113,112,111,110,98;21,22,34,46,58;27,26,25,13,1,2,3,4,5,17;91,90,89,88,87,86,74;105,117,116,128,140,141,142,143,131,119,107,95,83;42,43,31,19,20;66,54,53,41,29,30;18,6,7,8,9,10,11,23,35,47,59,71,70,82;0,12,24,36,37,38,39;125,124,123,122,121,109,97,85,73,61,62,63,75,76;99,100,101,102,114,126,138,137,136,135,134,133,132,120,108,96,84,72,60,48,49,50,51
12,0,0,13;132,120,108,96,84,72,60,48,36,24;25,26,38,50,51,63,64,65,77,89,101,113,114,115,103,91,79;4,5,6,7,8,9,10,11,23,35,34,33;12,13,14,15,27,39,40,52,53,54,66,78,90,102;116,104,92,80,68,67,55,43,42,41,29,28;75,76,88,100,112,111,110,109,121,133;16,17,18,30,31,32,44,56,57,69,81,93,105,117,129,128,127,126,125,124,123,122,134;0,1,2,3;19,20,21,22;87,86,74,62;99,98,97,85,73,61,49,37;58,70,82,94,106,118,130;45,46,47,59,71,83,95,107,119,131,143,142,141,140,139,138,137,136,135
12,0,0,14;58,46,34,22,10,9,8,7,6,5,4,3,2,1,0,12,24,36,48,60,72,84,96,108,120,132,133,134,135;112,111,123,122,121,109,97,85,73,74;70,82,94,95;86,98,110;43,42,54,53,52,51,63,75,87,99,100,101,102,103,104,92,93,81,69;68,80,79,91,90,89,88,76,64,65;45,33,21,20,19,18,17,16,15,14,13,25,37,49,61,62;105,106,118,130,129,128,127,126,125,124;50,38,26,27,28;39,40,41,29,30,31,32,44,56,57;113,114,115,116,117;55,67,66,78,77;136,137,138,139,140,141,142,143,131,119,107;11,23,35,47,59,71,83
12,0,0,9;143,131,119,118,106,94,82,70,58,57,56,55,54,53,52;80,92,104,116,115,114,113,112;103,102,101,100,99,111,123,124,125,126,127,128;121,122,110,98,97,96,84,72,60,48,36,24,12,0,1,2,3,4,5,6,7,8,9,10,11,23,35,47,59,71,83,95,107;51,39,40,41,42,43,44,45,46,34,22,21,20,19,18,17,16,15,14,13,25,37,49,61,73,74,75,76,77,78;33,32,31,30,29,28,27,26,38,50,62,63,64,65,66,67,79,91,90,89,88,87,86,85;130,129,117,105,93,81,69,68;109,108,120,132,133,134;142,141,140,139,138,137,136,135
12,0,0,13;7,19,18,30,42,43,44,45,57,69,81,93,105,104,103,115,127,128,129,130;99,111,123,135,134,133,132,120,108,96,84,72,60,48;13,25,26,38;116,117,118,106,94,82,70,58,46,34,33;8,9,10,11;51,52,64,76,77,89,101,113,125;39,40,28,16,4,3,2,1,0,12,24,36,37,49,50,62,63,75,87,88,100,112,124,136,137,138,139,140,141,142,143,131,119,107,95,83,71,59,47,35,23,22,21,20,32,31;65,53,41,29,17,5,6;61,73,85,97,109,121,122;74,86,98,110;80,68,56,55,54,66,78,90,102,114,126;67,79,91,92;14,15,27
12,0,0,10;13,25,37,49,61,62,63,64,65,77;127,115,114,102,101,89,88,76,75,74,73,72,60,48,36,24,12,0,1,2,3,4,5,6,7,8,9,10,11,23,35,47,59,71,70,69,68,56,55;97,109,121,122,134,135,136,137,138,139,140,128,116;129,117,105,104,103;126,125,113,112,100,99,87,86,85,84,96,108,120,132,133;124,123,111,110,98;78,90,91,92,93,94,106,118,130,142,141;39,40,41,42,43,44,45,57,58;27,28,29,30,31,32,33;143,131,119,107,95,83,82,81,80,79,67,66,54,53,52,51,50,38,26,14,15,16,17,18,19,20,21,22,34,46
12,0,0,10;52,51,39,38,37;20,19,31,43,55,54,66,78,77,76,75,87,99,100,101,102,103,104,92,80,81;56,44,32,33,21,22;29,28,40;57,45,46,34;1,0,12,24,36,48,60,72,84,96,108,120,132,133,134,135,136,137,138,139,140,141,142,143,131,119,107,95,83,71;13,25,26,27,15,16,17,18,30,42,41,53,65,64,63,62,50;49,61,73,85,97,109,121,122,123,124,125,126,127,128,129,130,118,106;58,59,47,35,23,11,10,9,8,7,6,5,4,3,2,14;88,89,90,91,79,67,68,69,70,82,94,93,105,117,116,115,114,113,112,111,110,98,86,74
12,0,0,10;116,115,127,126,125,124;51,52,53,54;121,109,97,85,86,74,62,50,38,39,40,41,42,43,44,45,57,69,81;13,14,15,16,17,18,19,20,21,22;73,72,84,96,108,120,132,133,134,122,110,98,99,87,75,63,64,65,66,67,55;61,60,48,36,24,12,0,1,2,3,4,5,6,7,8,9,10,11,23,35,47,59,71,83,95,107,119,131,143,142,141,140,139,138,137,136,135,123,111;34,33,32,31,30,29,28,27,26,25,37,49;46,58,70,82,94,93,92,91,90,89,101;106,118,130;56,68,80,79,78,77,76,88,100,112,113,114,102,103,104,105,117,129,128
12,0,0,14;100,99,98,97,85,73,61,49,48,36;87,75,63,51,39,27,26,25,24,12,0,1,2,3,4,5,6,7,8,9,10,11,23,35,47,59,71;44,43,42,54,53;121,109,110,111,112,124,125,126,127,128;37,38,50,62,74,86;114,102,90,91,92,104,105;41,40,52,64,65,66,67,55;103,115,116,117;113,101,89,88,76;134,133,132,120,108,96,84,72,60;68,80,79,78,77;142,143,131,119,107,95,83,82,70,58,46,34,22,21,20,19,18,17;13,14,15,16,28,29,30,31,32,33,45,57,56;122,123,135,136,137,138,139,140,141,129,130,118,106,94,93,81,69
12,0,0,13;104,92,80,68,56,57,58,59,47;39,27,26,25;103,91,79,67,55,43,44;46,34,22,21,20,19,18,17,16,15,14,13,12,24;71,83,82,94,106,118,130,129,128,127,126,125,113,101,89,77,76,75,74;38,37,49,61,62,63,64,65,53;0,1,2,3,4,5,6,7;95,107,119,131,143,142,141,140,139,138,137,136,135,134,133,132,120,108,96,84;8,9,10,11,23,35;110,111,99,87,86,85,73,72,60,48,36;50,51,52,40,41,42,54,66,78,90,102,114,115,116,117,105,93,81,69,70;88,100,112,124,123,122,121,109,97,98;45,33,32,31,30,29,28
12,0,0,12;49,37,25,13,14,15,16,28,29,30,31,43,55,67,79,91,103,115;11,23,35,47,59,71,83,95,107,119,131;125,113,112,111,99;124,123,122,121,109,97,85;58,70,82,94,106,118,130,142,143;21,20,19,18,17;51,50,38;53,65,77,76,88,87,86,98,110;75,74,73,72,84,96,108,120,132,133,134,135,136,137,138,139,140,141,129,117,105,93,81,69,57,45,46;41,42,54,66,78,90,102,114,126,127,128,116,104,92,80,68,56,44,32,33,34,22,10;89,101,100;26,27,39,40,52,64,63,62,61,60,48,36,24,12,0,1,2,3,4,5,6,7,8,9
12,0,0,12;79,80,81,82,94,106,118,130,129,128,116,104,103,102,101,100,99,98;62,74,73,72,60,48,36,37,38,39,40,52;123,122,121,109,97;0,12,24,25,26,27,28,29,41,53,65,64,63,51,50,49,61;124,125,126,127;22,34,46;54,42,30,31,32,44,56,68,69,70,71,83,95,107,119,131,143,142,141,140,139,138,137,136;1,13,14,15,16,17,18,19,20,21,33,45,57,58;110,111,112,113,114,115;135,134,133,132,120,108,96,84,85,86,87,75,76,77,78,66,67,55,43;117,105,93,92,91,90,89,88;59,47,35,23,11,10,9,8,7,6,5,4,3,2
12,0,0,10;88,100,112;91,79,67,66,65,77,89,101,113,114,115,116,117,105,93;78,90,102,103,104,92;109,121,122,123,124,125,126,127,128,129,130,118,106,94,82,70,58,46,34,22,21,20,19,18,17,16,15,14,13,25,37,49;81,80,68,56,55,54,53,52,64,76,75,87,99,111,110;69,57,45,44,43,42,41,40,39,51,63;27,28,29,30,31,32,33;26,38,50,62,74,86;72,84,96,97,98;108,120,132,133,134,135,136,137,138,139,140,141,142,143,131,119,107,95,83,71,59,47,35,23,11,10,9,8,7,6,5,4,3,2,1,0,12,24,36,48,60,61,73,85
12,0,0,9;133,134,122,110;11,10,9,8,20,32;13,14,15,16,17,18,30,42,54,55;121,109,97,85,73,61,49,50;104,103,102,101,100,88,87,75,63,51,39,38,37,36,48,60,72,84,96,108,120,132;34,46,58,70,82,94,106,118,130,129,128,127,126,125,124;25,26,27,28,40,52,64,76,77,78,79,80,81,69,57,45,33,21,22,23,35,47,59,71,83,95,107,119,131,143,142,141,140,139,138,137,136,135,123,111,99,98,86,74,62;89,90,91,92,93,105,117,116,115,114,113,112;29,41,53,65,66,67,68,56,44,43,31,19,7,6,5,4,3,2,1,0,12,24
12,0,0,12;73,74,62,50,38,37;121,122,123;89,88,87,86,85,97,109,110,111,112,124;49,61,60,72,84,96,108,120,132,133,134,135,136,137,138,139,140,141,142,143,131,119,107,95,83,82,70,58,46,45,33,32,31,30,29;127,126,125,113,101,100,99,98;130,118,106,94,93,81,69,57;77,76,75,63,51,39,27,26;17,18,19,20,21,22,34,35,47,59,71;103,91,79,67,55,54,53,52,40,28,16,15,14,13,25;41,42,43,44,56,68,80,92,104,105,117,129,128;23,11,10,9,8,7,6,5,4,3,2,1,0,12,24,36,48;116,115,114,102,90,78,66,65,64
12,0,0,10;24,12,0,1,2,3,4,5,17,29;38,37,36,48,60,72,84,96,108,120,132,133,134,135;95,94,93,92,104,116,128,129;118,130,142,141,140,139,138,137,125,113,112,111,110,98,86,74,62,63,64,65,66,67,68,69,70,58,46,34,22,21;88,89,90,91,103,115;117,105,106,107,119,131,143;136,124,123,122,121,109,97,85,73,61,49,50;19,20,32,33,45,57,56,55,54,42,41,40,28,16,15,14,13,25;127,126,114,102,101,100,99,87,75,76,77,78,79,80,81,82,83,71,59,47,35,23,11,10,9,8,7,6,18,30,31,43,44;53,52,51,39,27,26
12,0,0,14;68,80,92,91,90,102,114,113,112,111,99,87,88,76,64,52,51,50,49,37,25,13;17,18,19,7,8,9,10,11,23,35,47,59,71,83,95,107,106;34,22,21,20;65,66,67,55,43,31,32,33,45,46,58,70,82,94;44,56,57,69,81,93,105,104,103;115,116,117,118,119,131,143,142,141,140,139,138,137,136,135,134,133,121,109,97,98;100,101,89,77,78,79;53,54,42,30,29,28,16,4,5,6;1,0,12,24,36,48,60,72,84,96,108,120,132;130,129,128,127,126,125,124,123,122,110;3,15,27,39,40,41;73,61,62,63;85,86,74,75;38,26,14,2
12,0,0,13;6,7,8,9,10,11,23,35;54,42,30,29,28,27,26,38,50,51,52,64,76,88,89,90,91,103,115,127,126,125,113,112,111,110,98,86,74,73,61;39,40,41,53,65,77,78;49,37,25,13,14,15,16;66,67,79,80,92,104,116,117,118;142,143,131,119,107,95,94,82,81,69,68,56,44;124,123,122,121,109,97,85;19,20,21,22,34,46,47,59;130,129,141;114,102,101,100,99,87,75,63,62;18,17,5,4,3,2,1,0,12,24,36,48,60,72,84,96,108,120,132,133,134,135,136,137,138,139,140,128;93,105,106;55,43,31,32,33,45,57,58,70,71,83
12,0,0,13;30,42,54,66,78;110,98,86,87,88,89,90,102,114,126,127,128,129,130,118,106,105,93;43,44,45,46,58,70;111,99,100,101,113,125,137,138,139,140,141,142,143,131,119,107,95,83,71,59,47,35;57,56,55,67,79,91,103,115;51,50,38,26,27,28,29,41,53,65,77,76,75,74,73,85,97,109,121,122,123;33,34,22,23;11,10,9,21;31,32,20;8,7,19,18,17,16,15,14,13,25,37,49,61,62,63,64,52,40,39;6,5,4,3,2,1,0,12,24,36,48,60,72,84,96,108,120,132,133,134,135,136,124,112;117,116,104,92,80,68,69;94,82,81
12,0,0,10;20,32,44,56,68,67,66,78,90,102;104,103,91,79;121,122,123,111,99,87,75,63,51,39,40,41,42;65,77,89,101;81,69,57,45,33,21,9,8,7,6,5,4,3,2,1,0,12,24,36,48,60,72,84;14,13,25,37,49,61,73,85,97,96,108,120,132,133,134,135,136,137,138,139,140,141,142,143;19,18,17,16,15;113,114,115,116,117,118,106,94,82,70,58,46,34,22;10,11,23,35,47,59,71,83,95,107,119,131,130,129,128,127,126,125,124,112,100,88,76,64,52,53,54,55,43,31,30,29,28,27,26,38,50,62,74,86,98,110,109;80,92,93,105
12,0,0,13;28,40,41,42,43,44,56,68,80,92,93,105,106,107,95,83,71,59,47,35,23,11,10,9,8,7,6,5,4,3,2,1,0,12,24,36,48;60,72,84,96;58,46,45,33,32,31,30,29;123,124,112,100,88;137,136,135,134;81,69,57;13,25,37,49,61,73,85,97;70,82,94;14,26,38,50,62,63,64;120,108,109;132,133,121,122,110,111,99,87;130,129,128,127,115,114,102,90,78,66,65,53,52,51,39,27,15,16,17,18,19,20,21,22,34;98,86,74,75,76,77,89,101,113,125,126,138,139,140,141,142,143,131,119,118,117,116,104,103,91,79,67,55,54
12,0,0,12;6,7,8,9,10,11,23,35,47,59,71,83,95,94,93,92,104;28,29,30,31,32,44,56,68;76,75,74,86,98,110,111,112,124,125;18,19,20,21,22,34,46,58,70,82,81,80,79,91,103,115,116;130,129,128,127,126,114,113;25,37,49,61,73,85,97,109,121,122,123;105,106,107;5,4,3,2,1,0,12,24,36,48,60,72,84,96,108,120,132,133,134,135,136,137,138,139,140,141,142,143,131,119,118,117;54,53,52,51,50,38,26,14,13;62,63,64,65,77,89,88;87,99,100,101,102,90,78,66,67,55,43,42,41,40,39,27,15,16,17;33,45,57,69
12,0,0,13;71,83,95,107,119,131,143,142,141,140,139,138,137,136,135,134,122;80,81,93,105,117;55,43,31,32,33,21,9,8,7,6,5,4,3,2,1,0,12,24,36,48,60,72,84,85,86,87,99,111,123;10,11,23,35,47,59,58,57,69,68,67,79,91,92,104,116;113,101,89,77,65,53,41,40,28,16;17,18,19,20;133,121,109,110;15,14,13,25,37,49,61,73,74,75,76,88,100,112,124,125,126,114;26,38,50,62,63,64;70,82,94,106,118,130,129,128,127,115,103,102,90,78,66,54,42,30,29;22,34,46,45,44,56;27,39,51,52;98,97,96,108,120,132
13,0,0,13;161,148,135,122,109,96,97,98,99;47,60,73,86,87,100,113,126,127,128,141,154,155;160,159,158,157,156,143,130,131,132,119,106,93,80,67,54,41,28,29,30,43,44,45,58,71,70,69;105,92,79,66,53,40,27,14,15,16,17,18;115,102,89,76,63,62,49;168,167,166,165,164,163,162,149,136,123,110,111,112,125,138,139;124,137,150,151,152,153,140;31,32,19,20,21,22,23,24,25,38;142,129,116,103,90,77,64,51,50,37,36,35,34,33,46,59,72,85,84,83,82,95,108,121,134,147,146,145,144;68,81,94,107,120,133;42,55,56,57;114,101,88,75,74,61,48;12,11,10,9,8,7,6,5,4,3,2,1,0,13,26,39,52,65,78,91,104,117,118
13,0,0,15;105,118,131,144,145,146,147,148,149,150,151,152,153,154,141,128,115,102,101;65,78,79;136,135,134;69,82,81,94,107,106,119,132;133,120,121,122,123,124,137,138,139,140,127,114,113,100,99;14,27,28,29,30,31,32,33,46,47,48;15,16,17,18,19,20,21,34,35,36,49;98,85,86,87,88,89,90,103,116,129,142,155,168,167,166,165,164,163,162,161,160,159,158,157,156,143,130,117,104,91,92,93,80,67,68;63,62,61,60,59,58,45,44,43,42,41,40,39,26,13;108,109,110,97,84,71,72,73,74,75,76,77,64,51,38,25,12,11,10,9,8;52,53,66;50,37,24,23,22;7,6,5,4,3,2,1,0;54,55,56,57,70,83,96,95;126,125,112,111
13,0,0,11;24,37,50,63,76,89,88,87,100,113,126,125,124,123,122,121,120;11,12,25,38,51,64,77,90,103,116,129,142,155,168,167,166,165,164,163,162,161,160,159,158,157,156,143,130,117,104,91;83,84,71,58,45,46,47,48,35,22,21,20,19,18,17,16,15,14,27,40,41,54,67;106,119,132,133,134,135,136,137,138,139,140,127,114;61,60,59,72,85,98,97,96,109,108;107,94,81,68,55,42,29,28;80,93,92,105,118,131,144,145,146,147,148,149,150,151,152,153,154,141,128,115,102,101;65,78,79;95,82,69,70,57,44,31,32,33,34;66,53,52,39,26,13,0,1,2,3,4,5,6,7,8,9,10,23,36,49,62,75,74,73,86,99,112,111,110;56,43,30
13,0,0,12;144,131,118,105,106,107,108,109;42,55,54,67,80,81,82,83,70;88,87,100,99,112,125,124;127,128,141,154,167,166,165,164,163,162;68,69,56,43,30,31,32,33,34,35,36;57,58,59,60;29,28,41;161,160,159,146,133,134,135,136,137,138,139,126,113,114,115,116,129,142,155,168;140,153,152,151,150,149,148,147;72,71,84,97,96,95,94,93,92,79,66,53,40,27,14,15,16,17,18,19,20,21,22,23,24,37,50,63,76,89;101,102,103,90,77,64,51,38,25,12,11,10,9,8,7,6,5,4,3,2,1,0,13,26,39,52,65,78,91,104,117,130,143,156,157,158,145,132,119,120,121,122,123,110,111,98,85,86,73,74,61;44,45,46,47,48,49,62,75
13,0,0,12;4,3,2,1,0,13,26,39,52,65,66,67,68,81,94,107,120,133,132,131,118,105,92;98,99,86,73,60,59;129,142,155,168,167,166,165,164,163,162,161,160,159,158,157,156;8,9,10,11,12,25,38,51,64,77,90,103,116;19,32,45,58,71,70,83,96,109,122,123,124,125,126,127,140,153,152;5,6,7,20,33,46,47,48,61,74,87,100,113,112,111,110,97,84,85,72;57,44,31,18;29,42,55,54,53,40,27,14;137,136,135,134,121,108,95,82,69,56,43,30,17,16,15,28,41;21,34,35,36,49,62,75,88,101,114;154,141,128,115,102,89,76,63,50,37,24,23,22;139,138,151,150,149,148,147,146,145,144,143,130,117,104,91,78,79,80,93,106,119
13,0,0,15;24,23,22,9,8,7,6,5;149,162,163,164,165,166,167,168,155,142,129,116,103,90,77,64,51,38,25,12,11,10;106,93,80,67,54,41,28;121,108,95,94,81,68;16,29,42,55,56,69,82,83,96,109,122,135,134,133,132;128,141,154,153,152,151,150,137;33,46,47,48,49,62,75,88,101,100,113,126,125,124,111,98,85,72,73;19,20,21,34,35,36,37,50,63,76,89,102,115,114,127,140,139,138;91,78,65,52,39,26,13,14;136,123,110,97,84,71,70,57,44,43,30;161,160,159,158,157,156,143,130,117,104,105,92,79,66,53,40,27;112,99,86,87,74;107,120,119,118,131,144,145,146,147,148;61,60,59,58,45,32,31,18,17,4,3;15,2,1,0
13,0,0,12;80,81,82,83,70,71,72;75,88,101,114,127,140,139,138,125,112,111,98,97,96,95,94,93,92,79,66,53,40,27,14,15,16,17,18,19,20,21,22,23,24;119,120,121,122;67,68,69,56,57,58,59,60,73;54,41,28,29,30,31,32,33,34,35,36,37,38,25,12,11,10,9,8,7,6,5,4,3,2,1,0,13,26,39,52,65,78,91,104,117,130;146,147,148;156,157,158,159,160,161;49,50,51,64,77,90,103,116,129,142,155,168,167,166,165,164,163,150,137,124,123,110,109,108,107,106,105,118,131;151,152,153,154,141,128,115,102,89,76,63,62;55,42,43,44,45,46,47,48,61,74,87,86,85,84;99,100,113,126;162,149,136,135,134,133,132,145,144,143
13,0,0,13;61,48,35,36;49,62,75,88,101,102,115,128,141;97,84,71,70,69,68,67,54,41,28;43,44,45,46,47,60;144,131,118,105,92,79,66,53,40,27,14,15,16,17,18,19,20,21,22;152,139,126,125,112,99;9,8,7,6,5,4,3,2,1,0,13,26,39,52,65,78,91,104,117,130,143,156,157,158,145,132,119,106,93,80,81,82,83;159,146,133,120,107,94,95,96,109,110;77,64,51,38,25,12,11,10,23;24,37,50,63,76,89,90,103,116,129,142,155,168,167,166,165,164,151,150,149,148,135,122,123,124,111,98,85,86;138,137,136;163,162,161,160,147,134,121,108;34,33,32,31,30,29,42,55,56,57,58,59,72,73,74,87,100,113,114,127,140,153,154
13,0,0,15;154,141,128,115,102,89,76,63,62,61,48,47,34,21,8,7;93,94,81,82,69,56;125,126,127,140,153;124,111,112,113,114,101,88,75;99,100,87,74;106,119,120,133,134,135;58,45,32,31,30,29,28,41,54,67,80,79,92,105,118,131,132;95,96,83,84,71,72,59,46,33,20,19,6,5,4,3,2,1,0,13,26,39,52,65,78,91,104,117,130,143,156,157,158,159,160,161,162,163,150,137,138,139,152;109,110,97,98,85,86,73,60;9,10,23,24,37;11,12,25,38,51,50,49,36,35,22;18,17,16,15,14,27,40,53,66;151,164,165,166,167,168,155,142,129,116,103,90,77,64;144,145,146,147,148,149,136,123,122,121,108,107;70,57,44,43,42,55,68
13,0,0,10;130,143,156,157,158,159,160,161,162,163,164,165,166,167,168,155,142;97,98,99,86,73,60,47,46,45,44,43,42,41,54,67,80,93;71,70,69,82,95,108,109,110,111,112,113;129,128,127,140,139,138,137,136,135,134,133,132,119,106,105,92,79,66,53,40,27,14,15,16,17,18,19,20,21,22,23,24;76,89,102;114,115,116,103,90,77,64,51,38,25,12,11,10,9,8,7,6,5,4,3,2,1,0,13,26,39,52,65,78,91,104,117,118,131,144,145,146,147,148,149,150,151,152,153,154,141;61,48,49;100,87,74;126,125,124,123,122,121,120,107,94,81,68,55,56,57,58,59,72,85,84,83,96;28,29,30,31,32,33,34,35,36,37,50,63,62,75,88,101
13,0,0,13;50,37,24,23,22,21,20,33,46,59,72,73;54,41,28,29;102,115,128,141,154,153,152,151,150,149,148,135,122,109,110,111,124;81,80,79,78,65,52,39,26,13,0,1,2;118,131,144,145,146,147,134,121,120;42,55,56,57,70,83,96,97,98,99,112,125;90,89,88,101,114,127,140,139,138,137,136,123;77,76,75,74,61,48;133,132,119,106,105,104,117,130,143,156,157,158,159,160,161,162,163,164,165,166,167,168,155,142,129,116,103;107,94,93,92,91;126,113,100,87,86,85,84,71,58,45,32,19,6,7,8,9,10,11,12,25,38,51,64,63,62,49,36,35,34,47,60;108,95,82,69,68,67,66,53,40,27,14,15,16,17,30,43;3,4,5,18,31,44
13,0,0,13;41,42,43,44,57,70,71,84,85,98,111,110,123,136,137,138,139,140,127;107,120,121,134,135;75,76,63,50,37,36,35,34,21,8,7,6,5,4,3,2,1,0,13,26,39,52,65,78,91,104,117,130,143,156,157,158,159,160,147,148,149,150,151,152,153,154,141,128,115,114;20,19,18,17,16,15,14;54,67,68,81;94,95,108,109,122;124,125,126,113,100,101,102,103,116,129,142,155,168,167,166,165,164,163,162,161;55,56,69,82,83,96,97;146,133,132,119,106,93,80;112,99,86,73,72;62,49,48,47,46,33;145,144,131,118,105,92,79,66,53,40,27,28,29,30,31,32,45,58,59,60,61,74,87,88,89,90,77,64,51,38,25,12,11,10,9;22,23,24
13,0,0,12;106,105,118,131,144,145,146;119,132,133,134,135,136,137,138,139,140,127,128,115,102,89,76,63,50,37,36,35,34,33,46;7,6,5,4,3,2,1,0,13,26,39,52,53,66,79;120,121,122,123,124,125,126,113,114,101,88,75,62,49,48,47,60;98,97,96,95,94,81,68,55,42,29,30,31,32,19,20,21,22,23,24,25,38,51,64,77,90,103,116,129,142,155,168,167,166,165,164,163,162,161,160,159,158,157,156,143,130,117,104;14,27,40;141,154,153,152,151,150,149,148,147;73,86,85,84,83,82,69,56,43,44,45,58,59;72,71,70,57;61,74,87,100,99,112,111,110,109,108,107;65,78,91,92,93,80,67,54,41,28,15,16,17,18;12,11,10,9,8
13,0,0,13;22,23,24;163,162,149,136,123,110,97,84,85,86,73,60,61;107,120,121,134,147,146,145,158,157,156,143,130,117,104,91,78,65,52,39,26,13,14,15,16,17,18,19,20,33,46,47,48,49,62,75,88,101,114,113,126;155,154,153,152;74,87,100,99,98,111,124;44,57,70,71;168,167,166,165,164,151,150,137;0,1,2,3,4,5,6,7,8,21,34,35,36,37,50,63,76,89,102,115,128,127;112,125,138,139,140,141,142,129,116,103,90,77,64,51,38,25,12,11,10,9;108,95,94,81,68,55,42,29,28,27,40,53,66,79,92,105,118,131,144;41,54,67,80,93,106,119,132,133;122,109,96,83,82,69,56,43,30,31,32,45,58,59,72;159,160,161,148,135
13,0,0,13;101,88,75,62,49,36;164,163,162,161,160,147,134,133,132,131,118;124,137,138,139,140,153;43,44,45,46,59,72,85,84;57,58,71;83,70,69,56;159,146,145,144;34,47,60,73,86,99,98,97,96,95,82,81,68,55,42;35,48,61,74,87,100,113,114,115,102,89,76,63,50,37,38,25,12,11,10,9,8,7,6,5,4,3,2,1,0,13,26,39,52,65,78,91,104,117,130,143,156,157,158;51,64,77,90,103,116,129,142,155,168,167,166,165,152,151,150,149,136,123;110,111,112,125,126,127,128,141,154;19,18,17,16,15,14,27,40,53,66,79,92,105,106,119,120,121,122,135,148;109,108,107,94,93,80,67,54,41,28,29,30,31,32,33,20,21,22,23,24
13,0,0,14;105,118,131,144;138,151,150,149,148,147;53,40,41,42,43,44,31,32,33,34,35,36,49,62,75,76,89,102,115,128,127,140,139,152;158,157,156,143,130,117,104;82,83,84,71,72;14,27,28,29,16,3,4,5,6,7,8;9,10,11,12,25,38,51,64,77,90,103,116,129,142,141,154,153;88,101,114,113,126,125,124,137,136,135,134,133,146,159,160,161,162,163,164,165,166,167,168,155;63,50,37,24,23,22,21,20,19,18,17,30;15,2,1,0,13,26,39,52,65,78,91,92,93,80;45,46,47,48,61,74,87,100,99,112,111,110,123,122,121,120,119,132,145;69,70,57,58,59,60,73,86,85,98,97,96,109,108,107,106;79,66,67,54,55,56;95,94,81,68
13,0,0,14;102,115,128,127,140,139,138,137,136;69,68,67,54,41,28,15,16,17,18,19,20,21,22,23,24;50,51,64,77,90,103,116,129,142,155,168,167,166,165,164,163,162,161,160,159,146,145,144,131;85,98,99,112;107,106,93,80,81;37,38,25,12,11,10,9,8,7,6,5,4,3,2,1,0,13,26,39,52,65,78,91,104,117,130,143,156,157,158;14,27,40,53,66,79,92,105,118,119,132,133,134,147,148,149,150,151,152,153,154,141;120,121,108,109,96;74,75,88;111,124,125,126,113,114;101,100,87,86,73,72,71,84,97,110,123,122,135;55,42,29,30,31,32,33,34,35,36,49,62,63,76,89;60,59,58,57,70,83,82,95,94;56,43,44,45,46,47,48,61
13,0,0,14;114,127,128,141,154,153,152,151,138,125,124,123,136,149,162,161,160,159,158,157,156,143,130,117,104,91,78,65,52,53,40,27,14,15,16;36,49,62,63,64,51,38,25,12,11,10,9,8,7,20;80,93,106;137,150,163,164,165,166,167,168,155,142,129,116,115;59,72,71;18,31,44,43,42,55,68,81,94,107,120,119;46,47,60,73,74,75,88,89;39,26,13,0,1,2,3,4,5,6,19;132,133,134,121,108,109,110,111;50,37,24,23;17,30,29,28,41,54,67,66,79,92,105,118,131,144,145,146,147,148,135,122;140,139,126,113,112,99,98,97,96,95,82,69,56;76,77,90,103,102,101,100,87,86,85,84,83,70,57,58,45,32,33,34,21,22;35,48,61
13,0,0,11;14,27,40,53,66,79,80,93,106,119,132,145,146,147,160,161,162,163,164,165,166,167,168,155,142,129,116,103,90,77,64,51,38,25,24,23,22,21,20,19,6,5,4,3,16,29,42,55,56,69,82,95,96,97,98;126,125,124,123,122,121,108;92,105,118,131,144;57,70,83;100,87,74,75,62,49,48;99,86,73,72,59,46,33,32,31,18;7,8,9,10,11,12;85,84,71,58,45,44,43,30,17;109,110,111,112,113,114,101,88;61,60,47,34,35,36,37,50,63,76,89,102,115,128,141,154,153,152,151,150,149,148,135,134,133,120,107,94,81,68,67,54,41,28,15,2,1,0,13,26,39,52,65,78,91,104,117,130,143,156,157,158,159;127,140,139,138,137,136
13,0,0,15;147,146,145;44,43,56,69,70,71,84,97,98,99,100;6,5,4,3,2,1,0,13,26,27;144,131,132,133,134,121,108,95;14,15,16,17,18,19,20,7,8,9,22,35,36,49,50,63,76,89,102,115,128,141,140,139,138,137,150;10,23,24,37,38,51,64,77,90,103,116,129,142,155,154,153,152,151,164,163,162,149,136,123,110,111,112,113,114,101,88,87,74,73,60;25,12,11;57,58,59,72,85,86;28,41,40,39,52,65,78,91,104,117,118,119,120,107,94,93,80,67;130,143,156,157,158,159,160,161,148,135,122,109,96,83,82,81,68,55,54,53,66,79,92,105,106;127,126,125,124;33,32,31,30,29,42;21,34,47,46,45;48,61,62,75;165,166,167,168
13,0,0,14;79,78,91,104,117,130,143,156,157,158,159,160;99,98,97,96,95,94,81,68,55,54,53,40,27,14;168,155,142,141,140,139,138,137,124,123,122,121,120;101,88,75;146,145,132,119,106,107,108,109,110,111,112,125,126,127,128,129,116,103,90,77,64;33,34,35,36,37;147,148,161,162,163,164,165,166;12,11,10,9,8,7,6,5,18;87,100,113,114,115,102,89,76,63,62,49,48,47,46;144,131,118,105,92,93,80,67,66,65,52,39,26,13,0,1,2,15,28,41,42,43,56,69,82,83,84,85,86,73;3,16,29;167,154,153,152,151,150,149,136,135,134,133;74,61,60,59,58,45,32,19,20,21,22,23,24,25,38,51,50;4,17,30,31,44,57,70,71,72
13,0,0,11;46,45,44,43,56,69,82,95,108,107;132,133,134,135;47,48,49,50,63,76,89,102,115,114,113,126,125,124,111,98,85,86,87;35,36,37;2,1,0,13,26,39,52,65,78,91,104,117,130,143,156,157,158,159,160,161,162,163,164,165,166,167,168,155,142,129,116,103,90,77,64,51,38,25,24,23,22,9;3,4,17,18,19,20;16,15,14,27,40,53,66,79,92,105,118,131,144,145,146,147,148,149,150,151,152,153,154,141,128;127,140,139,138,137,136,123,110,97,84,71,72,73,74;42,55,68,81,94;10,11,12;112,99,100,101,88,75,62,61,60,59,58,57,70,83,96,109,122,121,120,119,106,93,80,67,54,41,28,29,30,31,32,33,34,21,8,7,6,5
13,0,0,13;12,25,38,51,64,77,76,75,74,73,72,85,98,97,96,83,82,69,56,43,30,29;49,36,23,10;8,7,20,33,46,45,58;5,6,19,32;79,92,105,118,119,120,121,122,123,124,125,126,113;62,61,48,35;40,27,14;156,157,158,159,160,161,162,163,164,165,166,167,168,155,142,129,116,103,90,89,88,87,86,99,112,111,110,109,108,107,106,93,80,67,54,53,52,39,26,13,0,1,2,3,4,17,18,31,44,57,70,71,84;59,60,47,34,21,22,9;16,15,28,41,42,55,68,81,94,95;11,24,37,50,63;143,144,145,146,147,148,149,150,151,152,153,154,141,128,115,102;100,101,114,127,140,139,138,137,136,135,134,133,132,131,130,117,104,91,78,65,66
13,0,0,11;45,32,33;92,105,106;144,145,146,147,148,149,150,151,152,153,154,141,128,115,102,89;126,125,124,123,122,121,120,107,94,81,68,67,54,41,28,15,2,3;64,51,38,37,36,49,62,75,74,87,100,113,112,111,110,109,108,95,82,69,56,55,42,29,30,31,18,19,20,21,34,47,46,59,72,85,84;24,23,22,35,48,61,60,73,86,99,98,97,96,83,70,71,58;14,27,40,53,66,79,80,93;43,44,57;119,118,117,104,91,78,65,52,39,26,13,0,1;88,101,114,127,140,139,138,137,136,135,134,133,132,131,130,143,156,157,158,159,160,161,162,163,164,165,166,167,168,155,142,129,116,103,90,77,76,63,50;25,12,11,10,9,8,7,6,5,4,17,16
13,0,0,14;133,120,107,94,95,96,97,84,71,72,59,60,61,62,49,50,37;105,92,79,66,67,68,69,56,43,44,31,32,33,34,21,22,9,10,11,12;149,148,135,122;42,55,54,53,52,65,78,91,104,117,118;128,115,102,89;111,98,85,86,73,74,75,76,63,64,51,38,25,24,23,36,35,48,47,46,45,58,57,70,83,82,81,80,93,106,119,132,131,130,143,156,157,158,159,160,161,162,163,164,165,166,167,168,155,142,141;154,153,140,127,114,101,88;150,151,152,139,126,113;20,19,18,17,30,29,28;144,145,146,147,134,121,108,109,110,123,124;41,40,27,14,15,16;8,7,6,5,4,3,2,1,0,13,26,39;136,137,138,125,112,99,100,87;129,116,103,90,77
13,0,0,11;132,133,134,135,136;108,107,106,93,80;10,11,12,25,38,51,64,77,90,103,116,129,142,155,154,153,152,151,138,125,112,99,86,73,60,59,58,45,32,19;105,92,79,66,53,40,27,14,15,16,17,18;111,98,85,72,71;55,56,69,82,83,84,97,110,123,124,137,150,163,164,165,166,167,168;115,102,89,76,63,50,37,24,23,22,9;149,148,147,146,145,144,131,118,119,120,121,122,109,96,95,94,81,68,67,54,41,28,29,30,31;162,161,160,159,158,157,156,143,130,117,104,91,78,65,52,39,26,13,0,1,2,3,4,5,6,7,8,21,34,35,36,49,62,75,88,101,114,127,128;70,57,44,43,42;20,33,46,47,48,61,74,87,100,113,126,139,140,141
13,0,0,12;114,115,128,141,154,153,152,151;121,120,119,132,131,144;118,105,92,79,66,53,40,27,14,15,2,3,4,5,6,19,32,45,46,47,48,61,62,75,88,87,86,99,112;74,73,72,71,70,57,44,31,18,17;159,160,161,162,163,150,137,138,139,140,127;7,20,33,34,35,36,49;1,0,13,26,39,52,65,78,91,104,117,130,143,156,157,158,145,146,133,134,135,122,109,110,111,98,85,84,83,82,69,56,43,30,29,16;21,22,23,24,37,50,63,76,89,102,101,100,113,126,125,124,123,136,149,148,147;94,81,68,55,42;164,165,166,167,168,155,142,129,116,103,90,77,64,51,38,25,12,11,10,9,8;58,59,60;97,96,95,108,107,106,93,80,67,54,41,28
13,0,0,12;74,73,72,59,58;107,120,133,132;125,124,137,136,135,134,121;86,87,88;51,64,77;28,41,54,53,52,39,26,13,0,1,2,3,4,5,6,7,8,9,10,11,24;62,61,60,47,46,45;103,116,129,142,155,168,167,166,165,164,163,162,161,160,159,158,157,156,143,130,117,104,91,78,65,66,67,80,93,106,119;90,89,102,115,128,141,154;12,25,38,37,36,23,22,21,20,19,18,17,30,43,56,69,82,83,96,97,110,111,112,113,126,139,138,151,150,149,148,147,146,145,144,131,118,105,92,79;152,153,140,127,114,101,100,99,98,85,84,71,70,57,44,31,32,33,34,35,48,49,50,63,76,75;40,27,14,15,16,29,42,55,68,81,94,95,108,109,122,123
13,0,0,13;62,75,88,101;22,21,20,19,18,17,16;27,40,53,66,79,92,93,94,95;154,141,128,127,114,113,100,87,74,61,48,49,50,37;86,73,60,47,46,45,44,43,56;69,68,55,42,29,30,31,32,33,34,35,36,23,24;102,115,116,129,142,155,168,167,166,153,140,139,126;105,118,131,144,145,146,147,148,149,150,137,124,111,98,85,72,59,58,57,70,83,96,109,122,121,120;164,163,162,161,160,159,158,157,156,143,130,117,104,91,78,65,52,39,26,13,0,1,2,3,4,5,6,7,8,9,10,11,12,25,38,51,64,63,76,89;165,152,151,138,125,112,99;108,107,106,119,132,133,134,135,136,123,110,97,84,71;82,81,80,67,54,41,28,15,14;77,90,103
13,0,0,11;98,99,100,87,88,75,76;95,108,109,122,123,124,125,126,127,114,101,102,89;19,18,17,16,15,14,27,40,53,66,79,92,105,106,119,132,133,146,147,148,149,150,151,152;107,94,93,80,67,54,41,28,29,30,31,32,33,20,7,6,5,4,3,2,1,0,13,26,39,52,65,78,91,104,117,118,131,144,145,158,159,160,161,162,163,164,165,166,153,154;60,59,58,57,56,69,82,81;130,143,156,157;120,121,134,135,136,137,138,139,140,141,128,115;96,83,70,71,72;36,49,62,63;50,37,24,23,22,35,48,61,74,73,86,85,84,97,110,111,112,113;167,168,155,142,129,116,103,90,77,64,51,38,25,12,11,10,9,8,21,34,47,46,45,44,43,42,55,68
14,0,0,11;178,177,176,175,174,160,146,147,148,149,150,151,137,123;120,106,92,78,79,80,66,52,51,50,49,48,47,46,45,59,58,72,86,100,114,128;89,88,87,101,115,129;173,172,171,170,156,142,143,144,130,116,102,103,104,90,76,75,74,73;1,2,3,4,5,6,7,8,9,10,11,12,13,27,41,55,69,83,97,111,125,139,153,167,181,195;132,133,134,135,121,107,93,94,95,81,67,53,39,38,37,36,35,34,33,32,31,30,29,28,42,56,70,84,98,112,126,140,154,168,182,183,184,185,186,187,188,189,190,191,192,193,179,165,164,163,162,161;157,158,159,145,131,117,118,119,105,91,77,63,64,65;194,180,166,152,138,124,110,96,82,68,54,40,26,25,24,23,22,21,20,19,18,17,16,15,14,0;44,43,57,71,85,99,113,127,141,155,169;109,108,122,136;62,61,60
14,0,0,15;57,43,29,15,16,17,18;31,45,59,73,87,88,89,75,61;180,179,178,164,163,162,161,160,159,158,157;56,42,28,14,0,1,2,3,4,5,6,7,8,9,23,37,38,39,40,54,68,82,96,95,109,108,122,136,137,138,152;64,63,49,35,34;72,86,100,101,102,103,104,90;25,26,27,41,55,69,83,97,111,110;30,44,58;74,60,46,32;66,65,79,78,92,106,120,134,148,147,146,145,144,143,142,156,170,171,172,173,174,175,176,177;13,12,11,10,24;133,132,131,130,129,128,127,113,99,85;114,115,116,117,118,119,105,91,77,76,62,48,47,33,19,20,21,22,36,50,51,52,53,67,81,80,94,93,107,121,135,149,150,151,165,166;71,70,84,98,112,126,140,141,155,169;123,124,125,139,153,167,181,195,194,193,192,191,190,189,188,187,186,185,184,183,182,168,154
14,0,0,14;103,104,118,132,133,147;78,77,76,75,74;98,99,100,101,102;146,145,144,130;169,155,141,127,126;112,113,114,128,142,156,170,171,172,173,174,175,176,177,178,179,180;39,38,37,36,35,34,33,32,31,30,44,58,72,73,87,88,89,90,91,92;122,108,94,93;59,45,46,47,48,49,50,51,52,53,54,40,26,25,24,23,22,21,20,19,18,17,16,15,29,43,57,71,85,86;123,109,95,81,80,79,65,64,63,62,61,60;106,107,121,135,136;137,138,124,110,96,82,68,67,66;140,154,168,182,183,184,185,186,187,188,189,190,191,192,193,194,195,181,167,166,165,164,163,162,161,160,159,158,157,143,129,115,116,117,131;105,119,120,134,148,149,150,151,152,153,139,125,111,97,83,69,55,41,27,13,12,11,10,9,8,7,6,5,4,3,2,1,0,14,28,42,56,70,84
14,0,0,15;195,181,180,179,165,151,150,149,135,121,122,123,109,95,81,67,53,39,38,37,36,35,49,63,64,65,79;93,92,91,90,89,75,61;194,193,192,178,164,163,162,161,147,133,132,118,117;32,33,34,20,21,22,23,24,25,26,40,54,68,82,96,110,124,125,139,153,167,166;46,47,48,62,76,77,78;170,169,155,141,127,113,99,85,71,57,58;103,104,105,119,120,134,148;106,107,108,94,80,66,52,51,50;102,101,100,86,72,73;87,88,74,60,59,45,44,43,42,56,70,84,98,112,126,140,154,168,182,183,184,185,171,157,156,142,128,114,115,116,130,131,145,146,160,174,175,176,177,191;111,97,83,69,55,41,27,13,12,11,10,9,8,7,6,5,4,3,2,1,0,14,28,29,30,31;136,137,138,152;19,18,17,16,15;186,172,158,144,143,129;190,189,188,187,173,159
14,0,0,15;106,120,121,122,136,137,151,152,166,180,179,178,177,176,175,161;138,124,123,109,108,107,93,92;172,173,174;67,53,39,25,24;104,118,132,146,147,148,162,163,164,165;21,22,23,37,38,52,66,65,64,63,62;58,44,30,31,32,33,34,35,36;5,4,3,2,1,0,14,28,42,56,70,84,98,112,126,140,154,168,182,183,184,170,156,142,128,114,100,101,102,116,130;110,96,95,94;61,60,74,88,87,86,85,99,113,127,141,155,169;117,131,145,144,143,129,115;103,89,90,91,105,119,133,134,135,149,150;51,50,49,48,47,46,45,59,73,72,71,57,43,29,15,16,17,18,19,20,6,7,8,9,10,11,12,13,27,41,55,69,83,97,111,125,139,153,167,181,195,194,193,192,191,190,189,188,187,186,185,171,157,158,159,160;81,82,68,54,40,26;75,76,77,78,79,80
14,0,0,14;138,124,125,111,97,83,69,55,41,27,13,12,11,10,9,8,7,6,5,4,3,2,1,0,14,28,42,56,70,84,98,112,126,140,154,168,182,183,184,185,186,187,173,159,145,144,143,157,156;102,101,87,73,59,45;40,39,38,52,66,80,94,108,122,136,135,134,120,106,105,104,103,89,88,74,60,46;121,107,93,92,91,90,76,75,61,47;158,172,171,170,169,155,141,127,113,99,85,71,57,43,29,15,16,17,18,19,20,34,48,62;166,180,179,178,177,176,175,161;26,25,24,23,22,36,50,64;110,96,82,68,54,53;162,163,164,165;116,115,114,100,86,72,58,44,30,31,32,33;117,118,119,133,147,148,149,150,151,137,123,109,95,81,67;139,153,152;142,128,129,130,131,132,146,160,174,188,189,190,191,192,193,194,195,181,167;37,51,65,79,78,77,63,49,35,21
14,0,0,12;30,31,32,18,19;13,12,11,10,9,8,7;29,15,16,17;43,57,58,72,86,100,114,128,142;44,45,46,47,33,34,20,6,5,4,3,2,1,0,14,28,42,56,70,84,98,112,126,140,154,168,169,170;37,36,50,64,63,77,76,75,74,73,87,101,115,129,143,144,158,159,160,146,132,118,119,120,121,122,108;53,67,81,95,109,123,137,151,165,179,178,177,163,149,148;180,166,152,138,124,110,96,82,68,54,40,39,38,52,51,65,79,78,92,91,90,89,88,102,116,130;164,150,136,135,134,133,147,161,162,176,190,191,192,193,194,195,181,167,153,139,125,111,97,83,69,55,41,27,26,25,24,23,22,21,35,49,48,62,61,60,59;174,173,172,171,157,156,155,141,127,113,99,85,71;175,189,188,187,186,185,184,183,182;145,131,117,103,104,105,106,107,93,94,80,66
14,0,0,11;63,49,35,21,20,19,18,17,16,30,44,58,72,86,85,99,113,127,141,155,169,170,171,172,173,174,175,189,190,191,192,193,194,180,166,152;93,107,108,109,95,81,67,53,39,40,41,27,13,12,11,10,9,23,37,51;164,163,149,148,147,146,145,144,143,129,115,116,117,118,104,90,76;77,91,105,119,133,134,135,136,150,151,165,179,178,177,176,162,161,160,159,158,157,156,142,128,114,100,101,87,88,74,60,46,47;137,123,122,121,120,106,92,78,79,80,94;71,57,43,29,15,1,2,3,4,5,6,7,8,22,36,50,64,65,66,52,38,24,25,26;102,103,89,75,61,62,48,34,33,32,31,45,59,73;54,55,69,83,97,111,125,139,153,167,181,195;138,124,110,96,82,68;130,131,132;0,14,28,42,56,70,84,98,112,126,140,154,168,182,183,184,185,186,187,188
14,0,0,13;165,151,137,123,109,95,81,67,53,39,38,37,36,35,34,33,47,46,45,59,73;31,30,16,15;78,77,63,49,50,51,52,66,80,94,108,122,136,135,149,163,162,161,160,159,158,157,156,142,128,114,100,86,72,58,44,43,29,28,14,0,1,2,3,17;32,18,4,5,6,7,8,9,10,11,12,13,27,41,55;177,176,175,174,173,172,171,170,169,155,141,127,113,99,85,71,57;115,129,143,144,145,146,147,148,134,120,121,107,93,79,65,64;92,91,90,104,118,117,116,102,101,87;130,131,132,133,119,105,106;88,74,60,61;42,56,70,84,98,112,126,140,154,168,182,183,184,185,186,187,188,189,190,191,192;103,89,75,76,62,48;19,20,21,22,23,24,25,26,40,54,68,69,83,97,111,125,139,153,167,181,195,194,193,179,178,164,150;180,166,152,138,124,110,96,82
14,0,0,14;165,151,150,136,135,134;81,82,68,54,40,26,25,24,23,22,21,20,34,33,32,18,4,3,2,1,0,14,28,42,56,70,84,85,86,87,101,115,129,143,157,171,170,169,155,141,127,113;152,153,167,181,195,194,193,192,178,177,176,162,161;130,144,158,172,186,185,184,183,182,168,154,140,126,112,98,99,100,114,128,142,156;109,108,107,106,105,104,103,89;166,180,179;30,44,58,59,60,61,62,63,64,65;52,51,50;175,174,160,146,132,118;96,110,124;90,91,92,93,94,95;164,163,149,148,147,133,119,120,121,122,123,137,138,139,125,111,97,83,69,55,41,27,13,12,11,10,9,8,7,6,5,19;191,190,189,188,187,173,159,145,131,117,116,102,88,74,75,76,77,78,79,80;66,67,53,39,38,37,36,35,49,48,47,46,45,31,17,16,15,29,43,57,71,72,73
14,0,0,15;191,177,178;189,190,176;94,108,109,123;52,51,50,49,63,77,78,79,93,107,121,122,136,137,138,152,166,180,194;124,110,96,95;188,174,173,159,145,131,117,116,102,88,74,60,46,32,18,17,16,30;130,144,158,172,186,187;184,185,171,157,143,129,115,101,87,73,59,58,57,71,85,99,113,127,141,155;169,170,156,142,128,114,100,86,72;7,8,9,10,11,12,13,27,41,55,69,68,67,53,39,38,37,36,35,34,48,62,76,90,91,92,106,120,134,135,149,150,151,165,179,193,192;31,45,44,43,29,15,1,2,3,4,5,6,20,21,22,23,24,25,26,40,54;164,163,162,148,147,133,119,105,104,103,89,75,61,47,33,19;175,161,160,146,132,118;0,14,28,42,56,70,84,98,112,126,140,154,168,182,183;195,181,167,153,139,125,111,97,83,82,81,80,66,65,64
14,0,0,12;62,61,60,74,88,102,116;141,155,156,157,158,159,160,161,147,133,119,120,106,107,108;169,170,171,172,173,174,175,176,177,178;63,77,76,75;65,51,37,36,35,34,33,32,31,30,44,58,72,86,100,114;129,115,101,87,73,59,45,46,47,48,49,50,64,78,79,80,81,82,68,54,40,26,12,11,10,9,8,7,6,5,4,3,2,1,0,14,28,42,56,70,84,98,112,126,140,154,168,182,183,184,185,186,187,188,189,190,191,192,193,179,165,164,163,162,148,134;25,39,53,67;90,89,103,117,131,130;66,52,38,24,23,22,21,20;194,195,181,167,153,139,125,111,97,83,69,55,41,27,13;136,137,138,124,110,96;19,18,17,16,15,29,43,57,71,85,99,113,127,128,142,143,144,145,146,132,118,104,105,91,92,93,94,95,109,123,122,121,135,149,150,151,152,166,180
14,0,0,14;40,26,25,24,23,22;95,81,67,66,52,51,50,36,35,21,20;104,118,119,120;73,72,71,70,84,98;100,101,115,116,130,144,145,146;31,45,59,60,74;127,141,142,156,157,158,159,160,161,147,133,134,135,121,107,106,105,91,90,89,75,61,47,46,32;80,79,65,64,63,49,48,34,33,19,18;122,136,150,149,148,162;62,76,77,78,92,93,94,108,109,123,137,151,165,164,163,177,176,175,174,173,172,171,170,169,155;132,131,117,103,102,88,87,86,85,99,113,114,128,129,143;43,29,15,16,17;30,44,58,57,56,42,28,14,0,1,2,3,4,5,6,7,8,9,10,11,12,13,27,41,55,69,83,97,111,125,139,153,167,181,195,194,193,192,191,190,189,188,187,186,185,184,183,182,168,154,140,126,112;37,38,39,53,54,68,82,96,110,124,138,152,166,180,179,178
14,0,0,14;105,104,103,102;57,43,44,30,31,17,18,19,20,21,22,23,37,51;49,63,77,78,79,93,107,121,135,134,148,162,161,160,159,158,157,156,142,141,127;65,64,50,36,35,34,33,32,46,45,59,58,72,71,85;2,16,15,29,28,42,56,70,84,98,99,100,86;75,89,88,87;101,115,116,130,131,132,133;73,74,60,61;168,182,183,184,185,186,187,188,189,190,191,192,178,179,180,166,152,138,124,110,96,82,68,54,40,26,25,24,38,52,66,80,94,108,122,136,150,149;193,194,195,181,167,153,139,125,111,97,83,69,55,41,27,13,12,11,10,9,8,7,6,5,4,3;47,48,62,76,90,91,92,106,120,119,118,117;154,155,169,170,171,172,173,174,175,176,177,163,164,165,151,137,123,109,95,81,67,53,39;147,146,145,144,143,129,128,114,113,112,126,140;1,0,14
14,0,0,12;166,165,164;188,189,175,161,162,163,177,178,179,180;144,130,116,102,88,74;120,121,122,123,124,125,111,97,83,69,55,41,27,13,12,11,10,9,8,7,6,5,4,3,2,1,0;143,129,115,101,87,73,59,60,61,62,48,34,20,19,18,17,16,15,14,28,42,56,70,84,98,112,126,140,154,168,182,183,184,185,186,187,173,174,160,146,147,148,149,150,151,152;118,104,90,91,92,93,94;110,96,82,68,54,53,52,51,65,79,80;176,190,191,192,193,194,195,181,167,153,139,138,137,136,135,134,133,119,105,106,107,108,109,95,81,67,66;32,31,30,29,43,57,71,85,99,113,127,141,155,169,170,171,172;78,64,50,36,37,38,39,40;145,159,158,157,156,142,128,114,100,86,72,58,44,45,46,47,33;26,25,24,23,22,21,35,49,63,77,76,75,89,103,117,131,132
14,0,0,14;163,149,135,121,122,108,94,95,81,82,68,54,40,26,25,24,38,37,51;130,129,128,127,141,155,156,157,158,159,160,146,132,118,104,103,102,101,87,73,59,45,46,32,33,34,48,62,76,75;181,195,194,193,192;1,0,14,28,42,56,70,84,98,112,126,140,154,168,169,170,171;39,53,52;182,183,184,185,186,172,173,174,175,161,147,133,119,105;77,63,49,50;191,177,178,179,180,166,167,153,139,125,111;35,21,20,19,18,17,31,30,44,58,72,86,100,114,115,116,117,131,145,144,143,142;187,188,189,190,176,162,148,134,120,106,107,93,79,80;124,138,152,151;23,9,10,11,12,13,27,41,55,69,83,97,96,110,109,123,137,136,150,164,165;47,61,60,74,88,89,90,91,92,78,64,65,66,67;36,22,8,7,6,5,4,3,2,16,15,29,43,57,71,85,99,113
14,0,0,14;32,31,30,44,58,72,71,70,56,42,28,14,0,1,2,3,4;130,116,102,88,74,60,61,47,33;51,65,79,93,94,108,122,136,150,164,178,177,176,175,174,173,172;112,126,140,154,168,182,183,184,170,156,142,143,144,145,146,132,133;128,114,100,86,85,84;5,6,7,8,9,10,11,12,26,40,54,68,82,96,110,124,138,152,166,180;36,37,38,52,66,80,81,95,109,123,137,151,165,179,193,192,191,190,189,188,187,186,185,171,157,158,159,160,161,147,148,134,120,119,118,104,90;129,115,101,87,73,59,45,46;169,155,141,127,113,99,98;92,78,64,50,49;162,163,149,135,121,107,106,105,91,77,63,62,48,34,35,21,22,23,24,25,39,53,67;131,117,103,89,75,76;13,27,41,55,69,83,97,111,125,139,153,167,181,195,194;20,19,18,17,16,15,29,43,57
14,0,0,15;109,110,124,138,152,166,180,179,178,177,176,175,174,173,172,171,170,169,155,141,127,113,99,85,86,87,73,74,75;46,45,44,43,57,71;5,19,20,34,35,36,37,38,39;30,31,17;136,150,149,148,147;80,66,65,64,63,62;81,67,53,52,51,50,49,48;159,158,157,156;1,0,14;21,22,23,24,25,26,40,54,68,82,96,95,94,93,107,121;108,122,123,137,151,165,164,163,162,161,160,146,145,144,143,142,128,114,100,101,102,88,89,90,76,77,78,79;92,106,120,119,118,117,116,115;6,7,8,9,10,11,12,13,27,41,55,69,83,97,111,125,139,153,167,181,195,194,193,192,191,190,189,188,187,186,185,184,183,182,168,154,140,126,112,98,84,70,56,42,28,29,15,16,2,3,4,18,32,33,47,61,60,59,58,72;129,130,131,132,133,134,135;91,105,104,103
14,0,0,14;139,153,167,181,195,194,193,179,178,177;180,166,152;150,136,122,108,107,106,105,91,77,78,79,80,66,67,53;111,125,124,138,137,151,165,164,163,149,135,121,120,119,118,104,103,89,75,61,60,59,58,57,71,85,99,113,127,141,155,169,170,171,172,173,174,175,161,147,146,145,144,130;22,21,20,19;50,49,48,47,46,45,31,30,29,28;17,16,15,14,0;90,76,62,63,64,65,51,52,38,39;92,93,94,95,81,82,68,54,40,26,25,24,23,37,36,35,34,33,32,18;87,101,115,129,143,157;1,2,3,4,5,6,7,8,9,10,11,12,13,27,41,55,69,83,97,96,110,109,123;158,159,160;192,191,190,176,162,148,134,133,132,131,117,116,102,88,74,73,72,86,100,114,128,142,156;44,43,42,56,70,84,98,112,126,140,154,168,182,183,184,185,186,187,188,189
14,0,0,15;13,27,41,55,69,83,97,111,125,139,153,167,181,195;142,156,170,171,172,158,159,160;87,73,59,45,46,47,61,75,76;36,22,23,24,25,11,12;89,88,74,60;148,162,176,190,189,188;32,33,34,48,62,63,77,78,79,80,81,95,109,123,137,151;191,192,193,194,180,166,152,138,124,110,96,82,68,67,66,65,64,50,49;51,37,38,39,40,26;10,9,8,7,6,5,4,3,2,1,0,14,28,42,56,70,84,98,112,126,140,154,168,182,183,184,185,186,187,173,174,175,161,147,146,145,144,143,157;179,178,177,163,149,135,121;52,53,54;169,155,141,127,128,129,130,131,132,133,134,120;165,164,150,136,122,108,107,106,105,119,118,117,116,115,114,113,99,85,71,57,43,29,15,16,17,18,19,20,21,35;31,30,44,58,72,86,100,101,102,103,104,90,91,92,93,94
14,0,0,16;130,129,128,114,100,86,72,58,59,45;178,192,191;132,118,104,90,76,77;88,102,103;89,75,61,62,63,49,35,21;74,73,87,101,115,116,117,131,145,144,158,172,173,174,175,161,162,148;179,180,166,152,138,124,110,96,95,81,67,53,39,38,37,36,50,64,78,92,106,120,134,135,149,163,177,176,190,189,188,187,186,185,171,157;17,16,15,29,28,42,56,70,84,98,112,126,140,154,168,182,183,184,170,156,142,143;193,194,195,181,167,153,139,125,111,97,83,82,68,54,40,26,25,24,23,22,8,7,6,5,19,33;51,52,66,80,94,108,109,123,137,151,165;159,160,146,147,133,119,105,91;69,55,41,27,13,12,11,10,9;169,155,141,127,113,99,85,71,57,43,44,30;20,34,48,47,46,60;65,79,93,107,121,122,136,150,164;31,32,18,4,3,2,1,0,14
14,0,0,14;53,67,81,95;121,135,134,148,147,146,145,144,130,116,102,101,100,86,72;33,47,61;10,11,12,13,27,41,55,69,83,97,111,125,139,153,167,181,195,194,193,192,191,190,189,188,187,186,185,184,183,182,168,154,140,126,112,98,84,70,56,42,28,14,0;58,59,60,46,32,18,19,20,34,48,62;122,136,150,149,163,162,161,160,159,158,157,143,129,115;45,31,17,16;127,141,155,169;105,106,107,93,79,65,51,52,38,39,40,54,68,82,96,110,124,138,152,166,180,179,178,177,176,175,174,173,172,171,170,156,142,128,114,113,99,85,71,57,43,44,30;22,21,35,49,63,77,76,75,74,73;164,165,151,137,123,109,108,94,80,66;133,132,131,117,103,89,88,87;24,25,26;29,15,1,2,3,4,5,6,7,8,9,23,37,36,50,64,78,92,91,90,104,118,119,120
14,0,0,16;152,138,124,110,96,82,68,54,40,26,25,24;45,46,60;71,72,86,100,114,128;51,52,66,80,94,108,122,136,150,164,178,179,180;142,156,157,158,159,160,146,147,133,119,105,91;98,112,126,140,154,168,182,183,184,185,186,187,188,189,190,191,192,193,194,195,181,167;14,0,1,2,3,4,5,6;34,20,21,7,8,9,10,11,12,13,27,41,55,69,83,97,111,125,139,153;73,74,88,102,103;132,131,145,144,143,129,115,101,87;76,77,78,92,106,120,134,148,162,161;37,38,39,53,67,81,95,109,123,137,151,165,166;50,36,22,23;35,49,48,47,33,32,31,30,44,43;19,18,17,16,15,29,28,42;130,116,117,118,104,90,89,75,61,62,63,64,65,79,93,107,121,135,149,163,177,176,175,174,173,172,171,170,169,155,141,127,113,99,85,84,70,56,57,58,59
14,0,0,15;26,40,54,68,82,96,110,109,108,122;103,104,105,106,92,78,79;63,77,91,90,89,75,74,60;165,164,163,162,161,147,133,132;64,50,49,48,62,76;150,149,148,134,120,119,118,117,131,145,146,160,174,175,176,190,191,192,193,194,195,181,167,153,139,138,137;53,39,25,11,12,13,27,41,55,69,83,97,111,125,124,123;88,102,116,130,144,158,159,173,187,188,189;21,22,23,37,51,65,66,80;33,32,31,30,44,58,72,86,100,114,128,142,156,170,169,168,154,140,126,112,98,84,70,56,42,28,14,0,1,2,3,4,5,6,7,8,9,10,24,38,52;177,178,179,180,166,152,151;186,172,171,157,143,129,115,101,87,73,59,45,46,47,61;185,184,183,182;136,135,121,107,93,94,95,81,67;155,141,127,113,99,85,71,57,43,29,15,16,17,18,19,20,34,35,36
14,0,0,15;40,54,68,82,81,80,79,65,51,50,49,63,62,61,60,59,58,57,56,42,28,14,0,1,2,3,17;52,38,37,36,35,34,48,47,46,45,44,43,29;15,16,30,31,32,33,19,20,21,22,23,24;41,55,69,83,97,111,125,139,153,167,181,195,194,193,192,191,190,189,188,187,173,172;156,142,143,144,145,146,147,161,162,163,164,150,136,122,108,107,93,92,78,64;66,67,53,39,25,26,27;18,4,5,6,7,8,9,10,11,12,13;128,114,100,101,102,103,89,90;129,115,116,117;124,138,152,166,180,179,178,177,176,175,174,160,159,158,157,171,170,169,155,141,127,113,99,85,86,87,88;94,95,96;130,131,132,118,104,105,106,120,121,135,149,148;110,109,123,137,151,165;119,133,134;91,77,76,75,74,73,72,71,70,84,98,112,126,140,154,168,182,183,184,185,186
14,0,0,10;144,158,172;173,174,175,176,162,148,149,150,136,122,121,120,119,105,104,90,89,88,102,116,130,131,145,146;132,118,117,103;55,69,83,97,111,125,139,153,167,181,195,194,193,192;156,142,128,114,100,86,72,58,44,30,31,32,33,34,35,36,37,38,39,40,54,68,82;81,80,66,65,64,63,62,61,60,74,73,87,101,115,129,143,157,171,170,169,155,141,127,113,99,85,71,57,43,29,15,16,17,18,19,20,21,22,23,24,25,26,27,41;67,53,52,51,50,49,48,47,46,45,59;75,76,77,78,79,93,94,95,96,110,124,138,152,166,180,179,178;91,92,106,107,108,109,123,137,151,165,164,163,177,191,190,189,188,187,186,185,184,183,182,168,154,140,126,112,98,84,70,56,42,28,14,0,1,2,3,4,5,6,7,8,9,10,11,12,13;159,160,161,147,133,134,135
14,0,0,13;135,149,148;3,2,1,0,14;129,128,127,141,155,169;45,59,58,72,86,100,101,102,88,89,90,91,105,119,118,132,146,160;176,177,178,179,165,151,137,123,109,108,94,93,79,65,64,63,62,48,34;10,11,12,13,27,41,55,69;180,166,152,138,124,110;116,115,114,113,99,85,71,57,43,44,30,31,32,46,60,74,73,87;170,171,157,158,159,145,131,117,103,104;54,40,26,25,24,23,9,8,7,6,5,4,18,17,16,15,29,28,42,56,70,84,98,112,126,140,154,168,182,183,184,185,186,172,173,174,175,161,147,133,134,120;156,142,143,144,130;96,95,81,80,66,52,51,50,49,35,21,20,19,33,47,61,75,76,77,78,92,106,107,121,122,136,150,164,163,162;22,36,37,38,39,53,67,68,82,83,97,111,125,139,153,167,181,195,194,193,192,191,190,189,188,187
14,0,0,14;19,33,34,35,36;5,6,7,8,9,23,24,25,26,40,54,68,82;116,102,88,87;123,122,121,107,93;182,168,154,140,126,112,98,84,70,56,42,28,14,0,1,2,3,17,31,45,59,60,61,62,76,90,104,118,132,146,147,148,149,150,136,137;115,101,100,86,72,58,44,30,16,15;4,18,32,46,47,48,49,50,51,37,38,39,53,67,81,95,96;184,183,169,155,141,142,128,114;29,43,57,71,85,99,113,127;156,170,171,185,186,187,188,189,190,191,192,193,194,195,181,167,153,139,125,111,97,83,69,55,41,27,13,12,11,10;151,165,164,163,162,161,160,159,145,144;135,134,120,106,92,78,79,80,94,108,109,110,124,138,152,166,180,179,178,177,176,175,174,173,172,158,157,143,129,130,131,117,103,89,75,74,73;22,21,20;52,66,65,64,63,77,91,105,119,133
14,0,0,14;123,137,136,135,134,133,132,131,130,129,128,142,156,157,158,159,160,161,162,163,164,165,166,167,153,139,125,111,97,83,69,55;77,76,75,74,73;35,21,20;31,30,29,43,57,71,85,99,100,101,102,103,104,105,106,107,93,94;4,3,2,1,0,14;68,82,96,95,109,108,122,121,120,119,118,117,116,115,114,113,127,141,155,169,170,171,172,173,174,175,176,177,178,179,180,181;34,33,32;17,16,15;143,144,145,146,147,148,149,150,151,152,138,124,110;11,10,9;18,19,5,6,7,8,22,36;13,12,26,25,24,23,37,51,50,49,48,47,46,45,44,58,72,86,87,88,89,90,91,92,78,79,80,81,67,53,54;28,42,56,70,84,98,112,126,140,154,168,182,183,184,185,186,187,188,189,190,191,192,193,194,195;27,41,40,39,38,52,66,65,64,63,62,61,60,59
14,0,0,14;52,66,65,64,63,77,76,90,104,118,132,131,130,129;109,95,81,67,53,39,38,37,51,50,49,48,62,61,75,89,103,117,116,115,114,113,99,85,71,57,43,42,28,14,0,1,2,3,4,5,6,7,8,9,10,11,12,13,27,41,55,69,83,97,111,125,139;151,165,164,163,162,161,160,159,158,157,156;56,70,84,98,112,126,140,154,168,182,183,184,185,186,187,188,189,190,191,192,193,194,195,181,167,153,152,138,137,123;36,35,34,33,47;86,87,73,74,60,46,32,18,19,20,21,22,23,24,25,26,40,54,68,82,96,110,124;166,180,179,178,177,176,175,174,173,172,171,170,169,155,141;127,128,142,143,144,145,146,147,133,119,105,91;92,106,120,134,135;148,149,150,136,122,121,107,93;72,58,44,30,29;15,16,17,31,45,59;88,102,101,100;78,79,80,94,108
