9,0,0,8;79,78,69,60,51,42,33,24,23,22,21;54,63,72,73,74,75,76,77,68;45,36,27,18,9,0;57,56,55,46,37,28,19,10,1,2,3,4,5,6,7,8,17,26,35,44,53,62,71,80;32,31,30,39,38,47;48,49,40,41;64,65,66,67,58,59,50;70,61,52,43,34,25,16,15,14,13,12,11,20,29
9,0,0,7;73,72,63,54,45,36,27,18,19,20,29;12,11,10,9,0;21,30,39,38,47,56;15,14,13,22,31,40,49,48,57,66,67,68,69,70,61,52,43;44,53,62,71,80,79,78,77,76,75,74,65,64,55,46,37,28;1,2,3,4,5,6,7,16,25,24,23,32,41,50;8,17,26,35,34,33,42,51,60,59,58
9,0,0,9;5,4,3,2,1,0,9,18,27,36,45,54,63,72,73,74,75,76,77,78;47,38,29,20,21,22,23;56,57,58,49,50,51,52,61;30,31,32,33,24;6,7,8,17,26,35,44,53,62,71;13,12,11,10,19,28,37,46;80,79,70,69;48,39,40,41,42,43,34,25,16,15,14;55,64,65,66,67,68,59,60
9,0,0,9;67,66,57,56,47;70,61,52,43,42,33,32;65,64,55,46;10,19,28,29,30,31,40,41,50,51,60,69,68;7,6,5,4,3,12;16,15,14,13;39,48,49,58,59;38,37,36,45,54,63,72,73,74,75,76,77,78,79,80,71,62,53,44,35,34;27,18,9,0,1,2,11,20,21,22,23,24,25,26,17,8
9,0,0,8;64,55,46,37,36,27,18,9,0,1,2,3,4,5,6,15,24,33;16,25,34,35,44,53,62,71,80;28,29,38,47,56,65,74,73,72,63,54,45;22,31,40,49,58,59,68,77,76,75;10,19,20,21,30,39,48,57,66,67;7,8,17,26;11,12,13,14,23,32,41,42,43,52,61,70,79,78;50,51,60,69
9,0,0,9;16,25,34,43,52,61,70,69,68,67,66;21,20,11,10,9,18,27,36,45,46;39,38,37;47,48,49,40,31,22;63,54,55;0,1,2,3,4,5;12,13,14,23,32,41,50,59,58,57,56,65,64,73,72;30,29,28,19;60,51,42,33,24,15,6,7,8,17,26,35,44,53,62,71,80,79,78,77,76,75,74
9,0,0,8;49,40,41,42,51,60,69,68,67,66,75,74,73,72,63,54,45,36,27,18,9,0,1,2,3;48,39,30,31,32;4,13,12,11,10,19,28,37,46,55,64,65;8,17,26,25,24,33;76,77,78,79,80,71,62,53,44;6,5,14,23,22,21,20,29,38,47,56,57,58,59,50;7,16,15;35,34,43,52,61,70
9,0,0,7;26,25,16,15,14,13;10,19,28,37,38,39,40;72,63,54,55,56,57,48,49,50,51,52,61,70,69,68,67;58,59,60;17,8,7,6,5,4,3,12,21,22,23,24,33,34,35;47,46,45,36,27,18,9,0,1,2,11,20,29,30,31,32,41,42,43,44,53,62,71,80,79,78,77,76,75,74,73;64,65,66
9,0,0,10;80,71,62,53,44,35,34;26,17,8,7,6,5,4,3,12;69,60,59,50,41;24,23,32,31,30,29,38,47,46;68,67,58,49;25,16,15,14,13,22,21,20,11,2,1,0,9,18,27,36,45;51,42,33;37,28,19,10;43,52,61,70,79,78,77,76,75,74,73,72,63,54,55,56,57,48,39,40;66,65,64
9,0,0,10;34,33,42,41,40,49,48,47,46,55,64;70,61,60,59,68,77,76,75,74,73,72;58,57,56;50,51,52,43,44,35,26,17,8,7,6,5,4,3,2,1,0;19,20,21;65,66,67;29,28,27,18,9,10,11,12;69,78,79,80,71,62,53;16,15,14,13,22,31,30,39,38,37,36,45,54,63;25,24,23,32
9,0,0,9;40,31,22,21,12,11,10;64,65,66,67,58,49,48,39,30;20,29,38,47,46,45,36,27;16,15,14,13;18,19,28,37;9,0,1,2,3,4,5,6,7,8,17,26,25,24,23,32,41;43,52,61,62,71,80,79,78,77,76,75,74,73,72,63,54,55,56,57;70,69,60;68,59,50,51,42,33,34,35,44,53
9,0,0,9;61,62,71,80,79,78,77,76,75,74,73,72,63,54,45,36,37,28,19,20,21;33,32,31,30;68,67,66,65,64,55,46,47,48;49,50,51,52,53,44,35,34,25,24,15,6,7,8;10,11,12,13,22;43,42,41,40,39,38,29;23,14,5,4,3,2,1,0,9,18,27;16,17,26;70,69,60,59,58,57,56
9,0,0,10;16,15,14,13;10,11,12,21,22,31,40,49;27,36,45,54;51,42,33;60,59,58,57,56,65,64;30,29,20,19,18,9,0,1,2,3,4,5,6,7,8,17,26,35,44,53,62,71,80,79,78,77,76,67;55,46,47,48;39,38,37,28;50,41,32,23,24,25,34,43,52,61,70,69,68;66,75,74,73,72,63
9,0,0,8;55,46,37,28,19,10,1,2,3,4,5,6,7,8,17,26,35,44,43;15,24,23,22,21,30,39,48,57,66,75,74,73,72,63,54,45,36,27,18,9,0;11,12,13,14;80,79,78,77,76;16,25,34,33,32,31,40,49,58,67,68,69,70,71,62,53,52;59,50,41,42;61,60,51;64,65,56,47,38,29,20
9,0,0,8;37,46,55,64,65,66,67,58,49,48;20,19,18,9,0;1,10,11;57,56,47,38,39,30,21,12;2,3,4,5,14,23,32,41,50,59,68,69,70,61,52,43,34,25,16;17,26,35,44,53,62,71,80,79,78,77,76,75,74,73,72,63,54,45,36,27,28,29;13,22,31,40;8,7,6,15,24,33,42,51,60
9,0,0,7;23,32,33,34;21,30,31,40,41,42;24,25,26,35,44,53,62,71,80,79,78,77,76,75,74,73,72,63,54,45,36,27,18,9,0,1,2;8,17,16,15,14,13,22;7,6,5,4,3,12,11,20,29,38,39,48,49,50,51,60;55,64,65,66,67,68,69,70,61,52,43;10,19,28,37,46,47,56,57,58,59
9,0,0,7;12,11,10,19,28,37,46,55,64,65,66,67,58;17,8,7,6,5,4,3,2,1,0,9,18,27,36,45,54,63,72,73,74,75,76;60,51,50,49;26,35,44,53,62,71,80,79,78,77;13,22,21,20,29,38,47,56,57;40,41,42,33,24;48,39,30,31,32,23,14,15,16,25,34,43,52,61,70,69,68,59
9,0,0,9;69,68,67,58,49,50,51,52,53,44;56,57,48,39,40;25,16,15,14,23,22,21,20,19,28,37,36,45,54,63,64,65,66;43,42,41,32,31,30,29,38,47,46,55;13,12,11,10;79,70,61,60,59;27,18,9,0,1,2,3,4,5,6,7,8,17,26,35,34,33,24;72,73,74,75,76,77,78;80,71,62
9,0,0,9;77,68,69,70,61,52,53;19,20,29,30,31,40,49,48,57,66,65,64;7,8,17,26,35,44,43,42,51,60,59,58,67,76,75,74,73,72,63,54,55;78,79,80,71,62;16,25,34,33,32,41,50;10,11,12,21,22,23,24,15,6,5;45,46,37,28;36,27,18,9,0,1,2,3,4,13,14;56,47,38,39
9,0,0,8;76,67,58,57,56,47,38,29;27,18,9,0,1,2,3,4,5,6,7,8,17,26,35,44,53,62,61;36,45,54,63,72,73,74,75;79,78,77,68,59,50,49,48,39,30,21,20,19,28;66,65,64,55,46,37;10,11,12,13,22,31,40,41,42,51,60,69,70,71,80;23,14,15,16,25,34,43,52;24,33,32
9,0,0,7;12,13,14,15,16,17,8;23,32,33,42,51,50,49,48,39,38,37,46;11,10,19,28,29,30,31,40,41;34,43,52,61,60,59,58,57,56,47;55,64,65,66,67,68,69,70;20,21,22;7,6,5,4,3,2,1,0,9,18,27,36,45,54,63,72,73,74,75,76,77,78,79,80,71,62,53,44,35,26,25,24
9,0,0,8;77,76,75,74,73,72,63,54;16,15,14,13,12,11,10,19,28,37,38,47;78,79,80,71,62,53,44,35,26,17,8,7,6,5,4,3,2,1,0,9,18,27,36,45,46,55,64,65,66,67,58,49,40,31,22,21,20;52,61,60;56,57,48,39,30,29;33,42,51;70,69,68,59,50,41;32,23,24,25,34,43
9,0,0,9;50,49,48,57,66,75;31,32,33,42,51,60,59,58,67;41,40,39,38,47,56,65,74;76,77,68,69,70,61,52,43,34,25,24,23,22,13;29,30,21,12,11,10;72,73,64,55,46,37;18,9,0,1,2,3,4,5,14,15,16;20,19,28,27,36,45,54,63;78,79,80,71,62,53,44,35,26,17,8,7,6
9,0,0,9;26,35,44,43;55,46,37,28,19,10;62,61,60,59,58;15,24,23,32,31,30,29,38,47;12,3,4;16,25,34,33,42,41,40,39,48,57,56,65,64;49,50,51,52,53;17,8,7,6,5,14,13,22,21,20,11,2,1,0,9,18,27,36,45,54,63,72,73,74,75,76,77,78,79,80;71,70,69,68,67,66
9,0,0,8;20,11,12,13,14,15,16;46,45,54,63,72,73,74,75,76,67,68,69,70;77,78,79,80,71,62,53,44,35,26,17,8,7,6,5,4;3,2,1,0,9,18,27,36,37;64,55,56;65,66,57,58,49,40,31,32,33,42,51;41,50,59,60,61,52,43,34,25,24,23,22,21,30,39;10,19,28,29,38,47,48
9,0,0,8;22,21,30,39,48;78,77,76,75,74,73,72,63,54,45,36,27,18,9,0,1,2,3,4,5,6,7,8,17;26,35,44,53,62,71,80,79;41,42,43,52,61,70;59,58,57,56,47,38,29,20;50,51,60,69;68,67,66,65,64,55,46,37,28,19,10,11,12,13,14,23,24;15,16,25,34,33,32,31,40,49
9,0,0,8;30,29,28,37,46,55,64,65,66,67,68,69,60,51,52;1,2,3;39,38,47,56,57,58,59,50,41,42,43,34;27,36,45,54,63,72,73,74,75,76,77,78,79,70,61;0,9,18,19,20,21,22,23,14;10,11,12,13,4,5;16,25,24,33,32,31,40,49,48;80,71,62,53,44,35,26,17,8,7,6,15
9,0,0,9;41,32,23;65,66,67,68,69,70,61,52,43,34,25;0,1,10;9,18,27,36,37,38,39,40,31,22,13,14,15,16,7;8,17,26,35,44,53,62,71,80,79,78,77,76,75,74,73,64,55,56,57,58,59;60,51,42,33,24;50,49,48,47,46,45,54,63,72;28,29,30,21,12,3,4,5,6;19,20,11,2
9,0,0,9;39,40,31,22,21,20;27,28,29,30;19,18,9,0,1,2,3,4,5,6,7,8;25,24,33,42,51,60,59,58,57,56,47,38,37,36;26,35,34,43;44,53,62,71,80,79,78,77,76,75,74,73,72,63,54,45;48,49,50,41,32,23;52,61,70,69,68,67,66,65,64,55,46;10,11,12,13,14,15,16,17
9,0,0,8;20,29,28;60,61,62,71,80,79,78,77,76,75,74,73,72,63,54,45;21,30,39;48,49,40,41,42,43,34,25,16,15;70,69,68,67,66,65,64,55,46,37,36,27,18,9,0,1,2,3,4,5,6,7,8,17,26,35,44,53,52,51;19,10,11,12,13,14,23,24,33;32,31,22;50,59,58,57,56,47,38
9,0,0,9;34,43,52,51,50,49;65,74,73,72,63,54,45,36,27;75,66,67,68,69,70;48,47,56;16,15,14,23,32,31,30,21,12,3,2,1,0;76,77,78,79,80,71;9,10,11,20,29,38,39,40,41,42,33,24,25,26,17,8,7,6,5,4,13,22;57,58,59,60,61,62,53,44,35;64,55,46,37,28,19,18
9,0,0,9;68,69,70;42,51,50,49,48,57,66,65;77,78,79,80,71,62,53,44,35,26,17,8,7,6,5,4,3,2,1,0,9,18,27,36,45,54,63,72;19,20,21,30,31,32;34,25,16,15,14;10,11,12,13,22,23,24,33;56,47,46,37;41,40,39,38,29,28;55,64,73,74,75,76,67,58,59,60,61,52,43
9,0,0,9;38,29,30,31,32;37,28,19,20,21,22,23,24,33;52,53,62,71,80,79,78,77,76,75,66,57,56;58,59,60,61;44,43,42,51,50,49;74,73,72,63,54,45,36,27,18,9,0,1,2,3,4,5,6,7,8,17,26,35;41,40,39,48,47,46,55,64,65;67,68,69,70;34,25,16,15,14,13,12,11,10
9,0,0,7;68,59,60,51,42,33,24;19,28,37,38,47,56,57,66,67;54,63,72,73,74,75,76,77,78,79,80,71,62,53,44,35,26,17,8,7,6,5,4,13,12,21;10,11,20,29,30,39,48;3,2,1,0,9,18,27,36,45,46,55,64,65;69,70,61,52,43,34,25,16,15,14,23,32,41,50;58,49,40,31,22
9,0,0,8;42,51,60,59,58;67,68,69,70,61,52,43,34,25,16,15,14,23,22;24,33,32,31;41,50,49,48,57,66,65,64,55;56,47,46,45,54,63,72,73,74,75;28,19,18,9,0,1,2,3,12,21,30,39,40;13,4,5,6,7,8,17,26,35,44,53,62,71,80,79,78,77,76;27,36,37,38,29,20,11,10
9,0,0,7;43,42,51,60,69,78,77,76,75,74,73,72,63,54,45,36,27,18,9,0,1,2,3,4,5,6,7,16;52,61,70;49,58,57,56,55,64;19,10,11,12,13,14,15;28,37,46,47,48,39,40,41,50,59,68,67,66,65;79,80,71,62,53,44,35,34,33,32,31,30,29,38;8,17,26,25,24,23,22,21,20
9,0,0,9;45,54,63,72;32,23,14,15,16,25,34,43,52;21,22,31;76,77,78,79,80,71,62,61,60,59,58,57,56,65,64;73,74,75,66,67,68,69,70;28,19,10,11,12,13,4,5,6,7,8,17,26,35,44,53;24,33,42,41,40,39,30,29,20;55,46,47,48,49,50,51;38,37,36,27,18,9,0,1,2,3
9,0,0,9;64,55,56,57,48,39;10,11,20,29,38,47,46,45,54,63,72,73,74,75,76,77,78,79,80,71,62,53,52,51,42;22,13,14,15,16;36,27,18,9,0,1,2;19,28,37;23,24,25,34,43;70,69,68;61,60,59,50,41,32,33;65,66,67,58,49,40,31,30,21,12,3,4,5,6,7,8,17,26,35,44
9,0,0,9;70,61,52,43,34,25,16,7;27,36,45,54,63,64,65,66,75,76,77,78,79,80,71,62,53,44,35,26,17,8;74,73,72;31,40,49,58;48,47,38,29,20,11,10;39,30,21,22;19,18,9,0,1,2,3,4,5,6,15,24,33,42,51,60,69,68,67;59,50,41,32,23,14,13,12;28,37,46,55,56,57
9,0,0,8;37,38,29,30,21;6,5,4,3,12,11,20;56,57,58,49,50,41,32,23,14,15;79,80,71,62,53,44;10,19,28,27,36,45,54,55,64,65,66,67,68,59,60,51,42,33,24,25,16,7;63,72,73,74,75,76,77,78,69,70,61,52,43,34,35,26,17,8;46,47,48,39,40,31,22,13;2,1,0,9,18
9,0,0,8;80,79,78,69,60,51,42;61,52,43,34,33,32,41,50,49,48,47,46,55,64;16,25,24,23,22,31,40,39,38,37;0,1,2,3,4,5,6,7,8,17,26,35,44,53,62,71,70;21,20,19,18;57,58,59,68,77,76,75,74,73,72,63,54,45,36,27,28,29,30;56,65,66,67;9,10,11,12,13,14,15
9,0,0,8;61,60,59,68,67,66,65,64,55,46,37,28;15,24,33,42,43,44,53,62,71,80,79;70,69,78,77,76,75,74,73,72,63,54,45,36,27,18,9,0,1,2,3,4,13,14,23,32;57,56,47,38,29,20,19;5,6,7,16,25,34,35;58,49,48,39,30;10,11,12,21,22,31,40,41,50,51,52;26,17,8
9,0,0,8;20,21,30,31,32,33,34,43,52,61,70;38,39,40,41,42,51,60,69,78,77,76,75,74,73,72,63,54,45;79,80,71,62,53,44,35,26,17,8,7,6,5,4,13,12,11,10,19,28,29;47,48,49;22,23,24,25;14,15,16;3,2,1,0,9,18,27,36,37,46,55,56,57,58,59,50;68,67,66,65,64
9,0,0,8;23,22,21,20,29,38,47,46,55,54,63,72,73,74,75,66,57;56,65,64;40,41,50,59,60,61,62,53,44,35,26,17,16,15,14,13,12,11,10,19,28,37,36,45;27,18,9,0,1,2,3,4,5,6,7,8;51,42,33,32,31,30,39,48,49,58;67,68,69,70,71;52,43,34,25,24;76,77,78,79,80
9,0,0,8;47,56,65,64;71,62,53,52,51,50;10,11,12,13,14,15,16,25,34,33,32,31,30;24,23,22,21,20,19,18,9,0,1,2,3,4,5,6,7,8,17,26,35,44,43,42,41,40,39,38,37,46,55,54,63,72,73,74;57,66,67,68,69;29,28,27,36,45;48,49,58,59,60,61,70,79,80;78,77,76,75
9,0,0,8;24,23,22,13,4,3,2,1,0,9,18,27,36,45,54,63,72,73,74,75,76,77,78,79,70,61,60,51,50,41,40,39,30;12,11,10,19,28,37,46,55,56,57,58,59,68,69;80,71,62;67,66,65,64;53,52,43,42,33,32,31;44,35,34,25,16,15,14;26,17,8,7,6,5;21,20,29,38,47,48,49
9,0,0,8;25,16,15,14,13,12,11,20;54,63,72,73,74,75,76,77,78,79,80,71,62,53,44,43,42,41;68,67,66,65,64,55,46,45,36,27,18,9,0;47,48,49,50,51,52,61,70,69;24,33,34,35,26,17,8,7,6,5;60,59,58,57,56;22,21,30,29,28,19,10,1,2,3,4;37,38,39,40,31,32,23
9,0,0,9;46,37,28,19,10,11,12,21,22,23,24,15,16;43,52,51,60;75,74,65,64;20,29,30,31,32;14,5,6,7,8,17,26,25,34,33,42,41,50,49;73,72,63,54,55,56,47,38,39,40;13,4,3,2,1,0,9,18,27,36,45;35,44,53,62,61,70,69,68,59,58;71,80,79,78,77,76,67,66,57,48
9,0,0,8;64,65,66,67,68,69,70;24,23,32,41,50,59,60,61,62,71,80,79,78,77,76,75,74,73,72,63,54,45,36,27,28,19;20,29,38,47,48,57;39,30,21,12,11,10;37,46,55,56;58,49,40,31,22,13,14;43,34,25,16,15,6,5,4,3,2,1,0,9,18;7,8,17,26,35,44,53,52,51,42,33
9,0,0,10;10,11,2,3,4,5,6;40,41,42,43,34,35,26,17,8,7;67,76,77,78,69,60,51,50,49,48,47,56,65,74,73,72,63,54,45,36,27,18,9,0,1;75,66,57,58,59,68;70,61,52;33,32,31,30,29,28,19;20,21,22,23,24,25;16,15,14,13,12;64,55,46,37,38,39;44,53,62,71,80,79
9,0,0,7;40,31,22,13,12,3,2,1;65,66,67,68,69,70,61,52,43,34,25,16;74,75,76,77,78,79,80,71,62,53,44,35,26,17,8,7,6,15,24,33,42,51,60,59,58,57;0,9,18,19;37,46,55,64;10,11,20,21,30,39,48,49,50,41,32,23,14,5,4;56,47,38,29,28,27,36,45,54,63,72,73
9,0,0,10;20,19,18,27,36,45,54,63,72;8,7,6,5,14;13,4,3,2,1;38,47,56,65,66,67;77,78,79,80,71,62,61,60,51,42,41,32,23;16,25,34,43;70,69,68,59,50,49,40,31,22,21,12,11,10,9,0;76,75,74,73,64,55,46,37,28,29,30,39,48,57,58;17,26,35,44,53,52;33,24,15
9,0,0,9;50,41,32,33,34,25;8,7,6,5,4,3,2,1,0,9,18,27,36,45,54,55,56,57,58,49,40,31,22,23,24;48,39,30,21,12,13,14,15,16,17;52,53,62,71,80,79,78,69,68,59;47,46,37,28,19,10,11;63,72,73,74,75,76,77;38,29,20;70,61,60,51,42,43,44,35,26;64,65,66,67
9,0,0,7;22,21,20,19,18,9,0,1,2,3,4,5,6,7,8,17,26,35,44,53,62,71,80,79,78,69,60,51,50,49;14,13,12,11,10;56,47,48,39,30,31,32,23,24;29,38,37,46,55,64,65,66,67;33,34,25,16,15;28,27,36,45,54,63,72,73,74,75,76,77,68,59,58,57;70,61,52,43,42,41,40
9,0,0,9;28,19,10,11;48,47,46,45,36,27,18,9,0,1,2,3,4,5,14,23,24,33,42,43,52;20,29,38,37;50,49,40,39,30,21;15,16,25,34,35,44,53,62,71,80,79,78,77,68,67,66,65,64;69,70,61;26,17,8,7,6;76,75,74,73,72,63,54,55,56,57,58,59,60,51;41,32,31,22,13,12
9,0,0,8;54,45,36,27,18,9,0,1,2,3,4,13,22,21,20,29,38,39,40,41,50;16,25,24,33,42,51;70,69,68,67,66,65,64,55;15,14,23,32,31,30;17,8,7,6,5;56,57,58,59,60,61,52,43,34;63,72,73,74,75,76,77,78,79,80,71,62,53,44,35,26;49,48,47,46,37,28,19,10,11,12
9,0,0,6;68,77,76,75,74,73,72,63,54,55,56,57,48,49,50,51,52,61,70;37,28,29,30;5,4,3,2,1,0,9,18,27,36,45,46,47,38,39,40,41,42,43;20,21,22,31,32,33,24,15,6,7,8,17,26,35,44,53,62,71,80,79,78,69,60,59,58,67,66,65,64;19,10,11,12,13,14,23;16,25,34
9,0,0,9;73,72,63,54,45,36,27,18,9,0,1,2,11,12,13,22,31;58,49,40,39,30,29,28,37,46,55,64,65,74,75,76,77,78,69,60,51;38,47,48;10,19,20,21;25,24,15,6,7,8;16,17,26,35,34,33,42;80,79,70,61,52;43,44,53,62,71;3,4,5,14,23,32,41,50,59,68,67,66,57,56
9,0,0,7;70,69,68,67,66,57,56,55,46,37,28,19,10,1,2,3,12,21,30,39,40;23,24,33,42,51,60,59,58,49;50,41,32,31,22;11,20,29,38,47,48;65,64,63,54,45,36,27,18,9,0;13,14,15,16,25,34,43,52,61,62,71,80,79,78,77,76,75,74,73,72;4,5,6,7,8,17,26,35,44,53
9,0,0,9;66,57,48,49,50,41,42,33;18,19,20,29;71,80,79,78,77;16,15,14,13,12,11,10,9,0;47,46,45,36;63,54,55,56,65,74,75,76,67,58,59,60,51,52,43,34,25,24,23,32,31,40;64,73,72;1,2,3,4,5,6,7,8,17,26,35,44,53,62,61,70,69,68;22,21,30,39,38,37,28,27
9,0,0,7;24,23,22,21,12;31,40,39,38,47,56,65,66,67,68,69,70,61,52,43,34,25,16,15,14,13,4,3,2,1,10;0,9,18,19,20,11;33,32,41,50,49,48;5,6,7,8,17,26,35,44,53,62,71,80,79,78,77,76,75,74,73,72,63,54,45,36,27,28,29,30;37,46,55,64;57,58,59,60,51,42
9,0,0,7;69,70,61,52,43,34,25,16,15,14,13,12,11,10,19,28,37,46;72,63,64,65,66,57;48,49,58,67,68;30,31,32,33,42,51,60;39,40,41,50,59;73,74,75,76,77,78,79,80,71,62,53,44,35,26,17,8,7,6,5,4,3,2,1,0,9,18,27,36,45,54,55;56,47,38,29,20,21,22,23,24
9,0,0,7;23,22,21,20,29,38,47,56,55,64;14,13,12,11,10,19,28,37,46,45,54,63,72,73,74,75,76,77,68,59,50,51,42,33,24,25,26,17,8,7;65,66,67,58,49,40,41;35,34,43,52,61,60,69,78,79,80;32,31,30,39,48,57;70,71,62,53,44;16,15,6,5,4,3,2,1,0,9,18,27,36
9,0,0,10;0,9,18,27;25,16,15,14;61,52,51,42,41;19,28,29,30,21,12,3,2;66,65,56,47,38,37,36,45,54,63,72;4,13,22,23,24;60,69,70,71,62,53,44,35,26,17,8,7,6,5;1,10,11,20;43,34,33,32,31,40,39,48,57,58,67,76,75,74,73,64,55,46;49,50,59,68,77,78,79,80
9,0,0,9;1,10,19,28,37,46,55,64,65,66;2,11,20,29,38,47;17,8,7;32,41,42,51,60,69,68,67,58,57,56;0,9,18,27,36,45,54,63,72,73,74,75,76,77,78,79,80,71,62,53,44,35;30,21,12,3,4,5,6,15,16,25,26;59,50,49;70,61,52,43,34,33,24,23,14,13;22,31,40,39,48
9,0,0,8;5,14,23;16,25,34,43,42,41,40,39,48,57;80,71,70,69,68,67,66;59,60,61,62;79,78,77,76,75,74,73,72,63,54,45,36,27,18,9,0,1;20,21,12;56,47,38,29,30;65,64,55,46,37,28,19,10,11,2,3,4,13,22,31,32,33,24,15,6,7,8,17,26,35,44,53,52,51,50,49,58
9,0,0,8;33,32,23,14,5,6,7,8;80,79,78,77,76,75,74,73,72,63,54,55,56,57,58,59,60,61,52,43,34,25,24,15;38,29,20,21,12,3,4;13,22,31,30,39;37,28,19,10,11,2;40,41,42,51;16,17,26,35,44,53,62,71,70,69,68,67,66,65,64;1,0,9,18,27,36,45,46,47,48,49,50
9,0,0,8;56,55,46,37,28,19,10,1,0;13,14,15,16,25;2,11,20,29,38,47;48,57,58,59,60,51,52,43,34,33,24,23,22;30,21,12,3,4,5,6,7,8,17,26,35,44,53,62,71,80,79,78,77,76,75,74,73,72;49,50,41,42;39,40,31,32;61,70,69,68,67,66,65,64,63,54,45,36,27,18,9
9,0,0,8;64,65,66,67,68,77,78,79,80,71,62,53,44,35,26,17,8,7,6,5,4,3;20,29,38,47;31,22,13;56,57,48,49,50;12,21,30,39,40,41,32,23,14,15,16,25,34,43,52,61,70,69;55,46,37,28,19,10,11,2;58,59,60,51,42,33,24;1,0,9,18,27,36,45,54,63,72,73,74,75,76
9,0,0,8;23,24,33,34;76,77,78,79,80,71,62,53;61,52,51,50,49,40,39,30,29;73,74,75;60,59,58,57,56,55,46;48,47,38,37,28,19,10,11,12,13,14,15,16,25;64,65,66,67,68,69,70;20,21,22,31,32,41,42,43,44,35,26,17,8,7,6,5,4,3,2,1,0,9,18,27,36,45,54,63,72
9,0,0,8;77,68,59,60,51,42,33,24,15;16,25,34,43,52,61,70;55,64,65,66,57,48,39,40,31,22,13,4,3,2,11;28,37,46,45,54,63,72,73,74,75,76,67,58,49,50,41,32,23,14;56,47,38,29,30,21,12;0,1,10,19,20;9,18,27,36;69,78,79,80,71,62,53,44,35,26,17,8,7,6,5
9,0,0,7;41,42,43,34,25,24;33,32,31,40;51,52,61,70,69,68,67,66,65,64;60,59,58,57,56,55,54,63,72,73,74,75,76,77,78,79,80,71,62,53,44,35,26,17,16,15,14,13;50,49,48,39,30,29,20;47,46,45,36,27,18,9,0,1,2,3,4,5,6,7,8;38,37,28,19,10,11,12,21,22,23
9,0,0,7;40,49,58,67;63,54,45,36,27,18,9,0,1,2,3,4,5,6,7,8,17,26;57,48,39,30,31,32,41,50,51;72,73,64,55,46,37,28,19,10,11,12,13,14,15,16,25,34,35,44;68,59,60,61,70;69,78,79,80,71,62,53,52,43,42,33,24,23,22,21,20,29,38,47,56,65,74;77,76,75,66
9,0,0,8;69,68,67,76,75,74,73,72,63,54,55,56,47,48;9,0,1,2,3,4,5,6,7,8,17,26,35,44,53,62,71,80,79,78,77;46,37,38,29,20;41,32,31;70,61,60,59,58,57,66,65,64;42,33,24,23,22,21,30;45,36,27,28;18,19,10,11,12,13,14,15,16,25,34,43,52,51,50,49,40,39
9,0,0,9;16,15,24;14,13,4,3,2,1,0;28,19,20,21,22,23,32,33,42,51,50,49,48,47,46,45,54,63,72,73,74;29,30,31;55,64,65,66,75,76,77,78;25,34,43,52,61,60,59,58,57,56;79,70,69,68,67;80,71,62,53,44,35,26,17,8,7,6,5;41,40,39,38,37,36,27,18,9,10,11,12
9,0,0,8;60,59,58,49,48,39;13,12,11,10,19,28,37,46,55,64,65;1,0,9,18,27,36,45,54,63,72,73,74,75,76,77,78,79,80,71,62,53,44,35,34;24,25,26,17,8,7,6,5,4,3,2;31,40,41,50,51;68,69,70,61,52,43,42,33,32;30,21,22,23,14,15,16;20,29,38,47,56,57,66,67
9,0,0,9;70,69,60,51,50,49,58,57,56,47;15,16,25,34,33,32;45,46,55,64,65,66,67,68,59;54,63,72,73,74,75,76,77,78,79,80,71,62,53,44,35,26,17,8,7,6,5,4,3,2,1,0,9,18;24,23,22,31,30,39,48;36,37,38,29,20,21;12,13,14;40,41,42,43,52,61;11,10,19,28,27
9,0,0,9;80,71,62,53,44,35,26,17,8,7,6,5,14,23,32,41,40,49;12,21,20,29,38;65,66,67,58,59,50,51,42,33,24,15;48,39,30,31,22;72,63,54,45,36,27,18,9,0,1,2,11;47,46,37,28,19,10;78,79,70,61,52,43,34,25,16;60,69,68,77,76,75,74,73,64,55,56,57;13,4,3
9,0,0,7;52,43,42,33,24;49,58,67,76,77,78,79,80,71,62,53,44,35,34,25,16,15,14,23,32,31,30,29,38,47,56,65,64,63,54,45,36,27,18;59,68,69,70;61,60,51,50,41,40,39,48,57,66,75,74,73,72;26,17,8,7,6,5,4,3,2,1,0,9;55,46,37,28,19,20,21,22;10,11,12,13
9,0,0,7;74,73,72,63,54,45,36,37,28,19,10;15,24,33,32,41,50,59,68,69,70,61,52,53,44,35,26,17,8;60,51,42,43,34,25,16,7,6,5,14,23,22,31,40,49,58,67,66;65,56,57,48,39,30,21;62,71,80,79,78,77,76,75;64,55,46,47,38,29,20,11,12,13;27,18,9,0,1,2,3,4
9,0,0,7;10,19,28,37,38,39,40,41,32,23;64,55,46;31,30,29,20,11;4,3,12,21,22;70,69,68,67,66,65,56,47,48,49,50,51,42,33,24,15,16;35,44,53,62,71,80,79,78,77,76,75,74,73,72,63,54,45,36,27,18,9,0,1,2;57,58,59,60,61,52,43,34,25,26,17,8,7,6,5,14,13
9,0,0,10;12,21,20,29,38,39,40,41,32;63,72,73,74,75;24,23,22,31,30;48,49,50;7,16,25,34,43,52,61,70;69,60,51,42,33;15,14,13;68,59,58,57,56,47,46,37,28,19,10,11,2,3,4,5,6;1,0,9,18,27,36,45,54,55,64,65,66,67,76,77;8,17,26,35,44,53,62,71,80,79,78
9,0,0,9;2,1,0,9,18,27,36,45,54,63,72,73,74,75,76,77,68;49,48,39;40,41,42,43,34,25,16;50,51,52,61,70;21,30,31,32,33,24,15,14,5,4;20,29,38,47,56,57,66;23,22,13,12,3;6,7,8,17,26,35,44,53,62,71,80,79,78,69,60,59,58,67;11,10,19,28,37,46,55,64,65
9,0,0,8;5,14,15,16,17,26,35,34,33,32,41,40,39,48;23,24,25;2,11,10,19,28,37,46,55,64,65,66,67,68,69,70,61;49,50,51,52;4,13,22,31,30;6,7,8;42,43,44,53,62,71,80,79,78,77,76,75,74,73,72,63,54,45,36,27,18,9,0,1;3,12,21,20,29,38,47,56,57,58,59,60
9,0,0,8;8,17,26,35,44,53,62,71,80,79,78,77,76,75,74,65,64;50,49,48,47;58,59,60,51,42,41,40,31,22,21,20,29,28,37;23,32,33,34,43,52,61,70,69,68,67,66,57,56;55,54,63,72,73;9,0,1,2,3,4,5,6,7,16,25,24;38,39,30;46,45,36,27,18,19,10,11,12,13,14,15
9,0,0,9;30,39,48;49,40,31,22,21,20,29,38,47,56;13,12,11,10,19,28,37,46,55,64,65,66,75;50,41,32,23;76,77,78,79,80,71,62,53,44,35,26,17,8,7,6,5,4,3,2,1,0,9,18,27,36,45,54,63,72,73,74;14,15,16,25,34,43,52;57,58,67;59,68,69,70,61;60,51,42,33,24
9,0,0,8;56,57,58,59,60;34,43,42,41,40,31,30,29;33,32,23,22,21,20;70,69,68,67,66,65,64,55,46,47,48,49,50,51;39,38,37,28,19,10,11,12,13,14,15;16,25,24;52,53,44,35;61,62,71,80,79,78,77,76,75,74,73,72,63,54,45,36,27,18,9,0,1,2,3,4,5,6,7,8,17,26
9,0,0,9;49,48,47,38,29;21,30,31,32,33,42,43;39,40,41,50;56,65,74,73,72,63,54,45,36,27,18,9,10,11,12,13,14,15,16,25,34;75,66,57,58,59,60,51;52,61,70,69,68,67,76;22,23,24;64,55,46,37,28,19,20;0,1,2,3,4,5,6,7,8,17,26,35,44,53,62,71,80,79,78,77
9,0,0,7;79,80,71,62,53,44,35,26,17,8;67,66,65,64,55,46;47,56,57,58;45,54,63,72,73,74,75,76,77,68,59,60,51,42,33,24,15,14,13,22,31,40;23,32,41,50,49;20,29,38,37,36,27,18,9,0,1,2,3,4,5,6,7,16,25,34,43,52,61,70,69,78;28,19,10,11,12,21,30,39,48
9,0,0,7;40,39,48,47,46,45,54,63,64,65,66,67;16,15,14,13,12,11,10,19,28;55,56,57,58,49;60,51,42;41,50,59,68,69,70,61,52,43,34,25,24,23,22,21,20;38,37,36,27,18,9,0,1,2,3,4,5,6,7,8,17,26,35,44,53,62,71,80,79,78,77,76,75,74,73,72;33,32,31,30,29
9,0,0,7;49,58,67,76,77,78,79,80;17,8,7,6,5,4,3,2,1,0,9,18,27,36,45;73,72,63,54,55,46,37,28,19,10,11,12,13,14,15,16;71,62,53;60,51,42,33,32,31,30,39,48,57,66,75,74;40,41,50,59,68,69,70,61,52,43,34;64,65,56,47,38,29,20,21,22,23,24,25,26,35,44
9,0,0,8;9,0,1,2,3,4,5,6,15,16,25,34,43,52,51,50,41,32,31,30;7,8,17,26,35,44,53,62,61,70,69,78;60,59,58,49,40,39,38,37,46,55,64;79,80,71;65,56,47;68,67,66,57,48;42,33,24,23,22,21,20,29,28;14,13,12,11,10,19,18,27,36,45,54,63,72,73,74,75,76,77
9,0,0,8;64,65,66;41,32,23,24,25,26,17,8,7,6,5,4,3,2,1,0,9,18,27,36,45,54,55,56,47,38;20,21,22,31,40;70,69,68,67,76,75,74,73,72,63;57,58,59,60,61,52,43;29,30,39;48,49,50,51,42,33,34,35,44,53,62,71,80,79,78,77;16,15,14,13,12,11,10,19,28,37,46
9,0,0,7;75,74,73,72;65,64,63,54,45,36,27,18,9,0,1,2,3,4,5,6,7,8,17,26,35,44,53,62,71,80,79,78,69,60,51,50,49,40,39;48,47,38,29,30,31,32;70,61,52,43,42,41;20,21,22,23,24;77,76,67,66;68,59,58,57,56,55,46,37,28,19,10,11,12,13,14,15,16,25,34,33
9,0,0,9;57,58,59,60;8,7,6,5,4,13,22,21,20;76,77,78,79,80,71,62,53,44,35,26,25,24,23;67,68,69,70,61,52,51,50,49;56,47,48,39,40,41,42,43;38,37,46,55,64,65,66,75;12,11,10,19,28,29,30,31,32,33,34;3,2,1,0,9,18,27,36,45,54,63,72,73,74;17,16,15,14
9,0,0,9;20,29,30,31,32,33,34,25,16,15,14;37,36,45,54,63,72,73,74,75,76,77,78,79,80,71,62,53;3,2,1,10,19,28;60,59,58,57,56;4,13,12,11;24,23,22,21;5,6,7,8,17,26,35,44,43,42,41,40,39,38,47,46,55,64,65,66,67,68,69;27,18,9,0;70,61,52,51,50,49,48
9,0,0,8;4,5,6,7,8;72,73,74,75,76,77,78,79,80,71,62,53,44,35,26,17,16,15,14,13,12,3,2,1,0,9,18,27,36,37,46,55;19,28,29,30,31;22,21,20,11,10;33,42,41,40,39,38,47,56,57,58;45,54,63,64,65,66,67,68,69,70,61,52,43,34,25,24,23,32;48,49,50;51,60,59
9,0,0,8;57,56,55,54,63,72,73,74,75,76,77,78,79,80,71,62,53,44,35,26,17,8,7,6,5;21,12,11,10,1,0;50,49,58,67,66,65,64;9,18,27,28,37,38,39,40,41,32;14,15,16,25,34,43,52,61,70,69,68;2,3,4,13,22,23,24,33,42,51,60,59;19,20,29,30,31;48,47,46,45,36
9,0,0,8;67,66,65,64,55,46,37,28;60,69,78,79,80,71;32,41,40;33,24,23,22,21,20,19,10,9;31,30,39,48,49,50,51,52;42,43,34,25,16,15,14,13,12,11;0,1,2,3,4,5,6,7,8,17,26,35,44,53,62,61,70;29,38,47,56,57,58,59,68,77,76,75,74,73,72,63,54,45,36,27,18
9,0,0,9;58,59,60,51,42,33,34,25,16,15,14,13,12;54,63,72,73,74,75,76,77,78,79,80,71,62,53,44,35,26,17,8,7,6,5,4,3,2,1,0;50,49,48,57,66,65,64,55;37,28,19;21,22,23,24;29,30,31;38,39,40,41,32;56,47,46,45,36,27,18,9,10,11,20;67,68,69,70,61,52,43
9,0,0,8;38,39,48,57,58,59,60,61,62,53,44,35,26;46,47,56;8,17,16,15,24,33,42,41,40,31,30,29,28,37;71,80,79,78,77,76,75,74,73,72,63,54,45,36,27,18,19,20,21,22;10,11,12,13,14,23,32;49,50,51,52,43,34,25;55,64,65,66,67,68,69,70;7,6,5,4,3,2,1,0,9
9,0,0,6;16,25,34,43;69,68,67,66,65,64,55,46,37,28,19,10,11,12,21,30,39,48;22,31,40,49,58,57,56,47,38,29,20;78,77,76,75,74,73,72,63,54,45,36,27,18,9,0,1,2,3,4,5,6,15,24,33,42,51,52,53,62,71;7,8,17,26,35,44;13,14,23,32,41,50,59,60,61,70,79,80
9,0,0,7;79,80,71,62,53,44,35,26,17,8,7,6,5,4,3,12,21,30,39,40,49,58,67;10,19,28,37,46,55,64,65;0,1,2,11,20,29,38,47,48;69,60,51,42,33,24,23;74,73,72,63,54,45,36,27,18,9;70,61,52,43,34,25,16,15,14,13,22,31,32,41,50,59,68,77,78;56,57,66,75,76
9,0,0,8;64,65,66,57,58,59,60,61,62,53,44,35,26,17,8,7,6,5,4,3;77,78,69,70;21,20,11,2,1,0,9,18,27,36;79,80,71;42,33,24;25,34,43,52,51,50,49,48,47,56,55,54,63,72,73,74,75,76,67,68;16,15,14,23,32,41,40,39,38,37,46,45;10,19,28,29,30,31,22,13,12
9,0,0,8;69,70,71,62,53,44,35,26,17,8,7,6,5,4,3,2,1,0,9,18,19,20,21,22,23,24;45,36,27;43,52,51,50,49,48,57,66,75,74,73;76,67,58;72,63,54,55,46,37,28,29,30,31,32;64,65,56,47,38,39,40,41,42,33,34,25,16,15,14;13,12,11,10;61,60,59,68,77,78,79,80
9,0,0,8;13,14,15,16,25;69,60,51,42,41;66,65,64,55,54,45,36,27;68,59,50,49,40;46,37,28,19,10;70,61,52,43,34,33,32,31,30,39,48;24,23,22,21,12,3,4,5,6,7,8,17,26,35,44,53,62,71,80,79,78,77;18,9,0,1,2,11,20,29,38,47,56,57,58,67,76,75,74,73,72,63
9,0,0,8;12,21,30,31,32;72,73,64,55,56;74,65,66,57,58,49,40,39,38,29,20,11,2,3,4,5,6,7,8,17,26,35,44,53,62,61,70,69;13,14,15,16,25,34,43,52,51,60,59,68,67;71,80,79,78,77,76,75;63,54,45,36,27,18,9,0,1;50,41,42,33,24,23,22;48,47,46,37,28,19,10
9,0,0,9;67,68,69,70,71,62,53,44,35,26,17,8,7,6,5;11,10,9;0,1,2,3,12,21,22,23,24,33,42,51,50,49,58;28,37,46,55,64,65,66,57,48;4,13,14,15,16,25,34,43,52,61,60,59;41,32,31,30,29;27,18,19,20;80,79,78,77,76,75,74,73,72,63,54,45,36;40,39,38,47,56
9,0,0,7;51,60,61,62,71,80,79,78,77,76,75,66,57,48,39,30,29,20;64,55,46;5,6,7,8,17,26,25,34,43;16,15,24,33,42,41,50,59,68,69,70;72,73,74,65,56,47,38,37,28,19,10,11,12,21,22,31,40,49,58,67;32,23,14,13,4,3,2,1,0,9,18,27,36,45,54,63;52,53,44,35
9,0,0,9;80,79,78,77,76,75,66,57,58;71,70,61,60,59,50,49,48,39,30,31;65,74,73,72,63,54;64,55,56,47,38,29,20,21,22,13,14,15,24,33,42,51;67,68,69;45,36,27,18,9,0,1,2,3,4,5,6,7,8,17,26,35,44,53,62;46,37,28,19,10,11,12;40,41,32,23;16,25,34,43,52
9,0,0,9;33,32,31,30,39,48,57;54,45,46,47,56;55,64,65;40,41,42,43,34,25,24,23,22,21,20,29,38;60,59,58;3,2,1,0,9,18,27;14,15,16;66,67,68,69,70,61,52,51,50,49;63,72,73,74,75,76,77,78,79,80,71,62,53,44,35,26,17,8,7,6,5,4,13,12,11,10,19,28,37,36
9,0,0,10;25,34,43,42,41;38,37,28;61,52,51;70,69,68,67,66;60,59,50,49,40,31,32,33,24,15,14,13;8,7,6,5,4,3,2,1,0,9,18,27,36,45,54,63,72,73,74,65,56,57,58;64,55,46,47,48,39,30,29,20,19;44,35,26,17,16;10,11,12,21,22,23;75,76,77,78,79,80,71,62,53
9,0,0,10;23,32,33,42,43,44,53,62,71;8,17,26,35;16,7,6,5,4,3,2,1,10,19,28;29,20,11;77,68,67,66,65;46,47,48,49;76,75,74,73,72,63,54,45;0,9,18,27,36,37,38,39,30,21,12,13,14,15,24,25,34;70,61,52,51,50,41,40,31,22;80,79,78,69,60,59,58,57,56,55,64
9,0,0,9;10,19,28;16,15,14,23,22,21;36,27,18,9,0,1,2,3,4,5,6,7,8,17,26,25,24;72,73,64,55,56,57,66;13,12,11,20,29,30,31,32,33,34,35,44;37,38,39,40;63,54,45,46,47,48,49,58,67,68,69,70;51,52,53,62,71,80,79,78,77,76,75,74,65;43,42,41,50,59,60,61
9,0,0,8;29,20,21,12,3,4,5;74,73,72,63,54,45,46,47,48,49,50,51,42,43,44,35,26,17,8,7,6,15,14,13,22,31,30;52,61,70,69,68,67,66,65;53,62,71,80,79,78,77,76,75;11,2,1,0,9,18,27,36,37,38,39,40,41,32,33,34;16,25,24,23;64,55,56,57,58,59,60;28,19,10
9,0,0,8;77,76,75,74,73,72,63,54,45,36,27,18,9,0,1,2,3,4,5,6,7,8;78,79,70;80,71,62,53,44;50,41,40,39;61,52,43,34,35,26,17,16,15,14,13,12,11,10,19,28,37,46,55,64,65;48,49,58,59;60,69,68,67,66,57,56,47,38,29,20,21,22,23,24,25;51,42,33,32,31,30
9,0,0,10;43,52,61,60,59;32,23,24,15,16,17,26,35,44,53,62,71,80,79,78,77,76;22,21,20,19,18,27;14,13,12,11,10,9;48,49,58,67,68,69,70;50,51,42,33,34,25;31,30,29,28,37,36,45,54,63,72,73,74,75,66;8,7,6,5,4,3,2,1,0;41,40,39,38,47,46,55;64,65,56,57
9,0,0,9;14,15,24;79,80,71,62,53;28,19,10,11,12,13;39,48,47,56,65,74,73,72,63,54,45,36;70,61,52,43,44,35,26,17,8,7;6,5,4,3,2,1,0,9,18,27;20,21,22;64,55,46,37,38,29,30,31,40,49,58,57,66,75,76,77,78,69,60,51,42,33,34,25,16;67,68,59,50,41,32,23
9,0,0,7;63,64,65,66,57,48;7,8,17,26,35,44,53,62,71,80,79,78,77;38,47,56;50,41,32,31,22,21;72,73,74,75,76,67,58,49,40,39,30,29,20;59,60,51,42,33,24,23,14,13,12,11,10,19,28,37,46;55,54,45,36,27,18,9,0,1,2,3,4,5,6,15,16,25,34,43,52,61,70,69,68
9,0,0,7;32,41,50,49,48,39;45,36,27,18,9;20,19,28,37,46,55,64,65;10,11,12,13,14,15,16,25,34,43,52,61,70,69,68,67,66;40,31,22,23,24,33,42,51,60,59,58,57,56,47,38;54,63,72,73,74,75,76,77,78,79,80,71,62,53,44,35,26,17,8,7,6,5,4,3,2,1,0;21,30,29
9,0,0,9;50,49,40,31,22,23,24,25,16,7,6,5,4,3,2,1,0;62,71,80,79,78,77;67,66,65,56,47,38,29,30;76,75,74,73,72,63,54,45,36,27,18,9,10,11,12,13,14,15;59,58,57,48,39;8,17,26,35,44,53,52,61,70;68,69,60,51,42,41,32;64,55,46,37,28,19,20,21;43,34,33
9,0,0,9;47,56,57,58;52,51,60,69,70;38,29,20,21;12,11,10,19,28,37,36,45,54,63,72,73,74,75,76,77,78,79,80,71,62,61;40,41,42,33,24,15;53,44,43,34,25,16,7,6,5,14,23,32;35,26,17,8;13,4,3,2,1,0,9,18,27;46,55,64,65,66,67,68,59,50,49,48,39,30,31,22
9,0,0,8;55,54,63,72,73,74,75,76,77,78,79,80,71,62,53,44,35,26,17,16,15,14;57,56,47,46,45,36,27,18,9,0,1,2,11,20,29;10,19,28,37,38;3,12,21;49,58,59,60;8,7,6,5,4,13,22,23,24,25,34,43,52,61,70,69,68,67,66,65,64;40,41,50,51;42,33,32,31,30,39,48
9,0,0,10;48,39,30,29,20,19;35,44,53,62,61,70;71,80,79,78;68,59,50,41,42;21,22,23,24,15,16;75,66,57,56,47,38;74,73,72,63,54,45,36,27,18,9,10,11,12,13,14,5,6,7,8,17,26,25;65,64,55,46,37,28;69,60,51,52,43,34,33,32,31,40,49,58,67,76,77;4,3,2,1,0
9,0,0,9;61,60,59,50,49,40,39,38,47,56,65,66,75;8,7,6,5,4,3,2,1,0,9,18,27,36,45,54;33,34,43,52;21,20,19;17,16,15,14;70,69,68,67,58,57,48;76,77,78,79,80,71,62,53,44,35,26,25,24,23,32,41,42,51;72,73,74;10,11,12,13,22,31,30,29,28,37,46,55,64,63
9,0,0,8;67,58,49,50,41;16,15,14,13,12,11,10,9,18,27,36,45,54,63,72,73,74,75;53,62,71,80,79,78,77,76;66,65,56,47,38,29,30,21,22,23,24,25,26,17,8,7,6,5,4,3,2,1,0;32,31,40,39,48,57;20,19,28,37,46,55,64;44,43,52,61,70,69;35,34,33,42,51,60,59,68
9,0,0,7;20,21,22,13;18,9,0,1,2,3,4,5,6,7,8,17,26,35,44,53,62,71,80,79;54,55,64;70,69,78,77,76,75,66,57,58,49,50,51,52,43,34,25,16,15,14,23,32,31,30,29,38,37,46;61,60,59,68,67;63,72,73,74,65,56,47,48,39,40,41,42,33,24;12,11,10,19,28,27,36,45
9,0,0,8;44,35,26,17,8,7,6;30,21,12,3,4,5,14,23,32,41,50,49,48,47,46,45,54,63,72,73,74,75,76,77,78,79,80,71,62,53;24,33,42,51,60,59,58,57,56,55;36,37,38,39,40,31,22,13;0,9,18;15,16,25,34,43,52,61,70,69,68,67,66,65,64;27,28,29,20,11,2;1,10,19
9,0,0,9;2,1,0;79,80,71,62,53,44,35,26,17,8;18,27,36,45,54,63,72,73,74;76,75,66,65,56;31,40,39,38,29,20,11,12,13,14,15,24,33,42,51,60,59,68;67,58,57,48,47,46,55,64;49,50,41,32,23,22,21,30;9,10,19,28,37;3,4,5,6,7,16,25,34,43,52,61,70,69,78,77
9,0,0,9;72,63,64,55,56,47,38,37,28;65,74,73;39,40,49,50,51,52,43,34,25,16,15,14,13,4,3,2,1,0,9,18,27,36;19,20,29,30,31,32;48,57,66,75,76,77,78,79,80,71,62,53,44,35,26,17,8,7,6,5;58,67,68,69,70;54,45,46;10,11,12,21,22,23,24,33,42,41;61,60,59
9,0,0,10;20,21,22,23,24;14,15,16,25,34,33,32,31,30;28,19,18,9,0,1,2,3,4,13;10,11,12;5,6,7,8,17,26,35,44,43,42,41,40,49,58,57,56,65,64;27,36,37,38,29;76,77,78,79,70,61;39,48,47,46,45;60,69,68,67,66,75,74,73,72,63,54,55;80,71,62,53,52,51,50,59
9,0,0,10;54,45,46;28,19,10,11,12,13,14,15,16,25,34,43,52,51,50,49;41,42,33;37,36,27,18,9,0,1,2,3,4,5,6,7,8,17,26,35,44,53,62,71,80;40,39,38,47,56,65,74,73,72;24,23,22,21,20,29;32,31,30;69,68,67,66,75;63,64,55;48,57,58,59,60,61,70,79,78,77,76
9,0,0,9;67,58,49,40,39,38;52,53,62,71,80,79,78,69,68,59,50,41,32,31,22,13;20,29,28,37,46,47,48,57,66,75,76,77;7,8,17,26,35,44,43,42,51,60,61,70;65,74,73,72,63,54,45,36,27,18,19,10,11;25,16,15,6;9,0,1,2;64,55,56;30,21,12,3,4,5,14,23,24,33,34
9,0,0,7;13,22,23,24,33,42,43,44,53,62,71,80,79,78,77,76,75,74,73,72,63;52,61,70,69,68,67,66,65,64,55,54,45,36,27,18,9,0,1,2,11,20,29,38,39,40;35,26,17,8,7,6,5;4,3,12,21,30,31,32,41,50,49,48;51,60,59,58,57,56,47,46,37;14,15,16,25,34;10,19,28
9,0,0,8;10,11,20,29,38,39;16,25,24,23,22,31,40,49,58;32,33,42,51,60,69,68,67,76,75,74,73,72,63;48,57,66,65,64,55,54,45,36,27,18,9,0,1,2,3,4,5,6,7,8,17,26,35,44,53,62,71,80;59,50,41;30,21,12,13,14,15;34,43,52,61,70,79,78,77;19,28,37,46,47,56
9,0,0,8;16,15,14,13,12,21,30;27,36,45;35,44,53,62,71,80,79,78,77,76,75,74,73,72,63,54,55,46,37,28,29,20,11,10,1;19,18,9,0;2,3,4,5,6,7,8,17,26,25,24,33,32,41,50,49,48,57,56,65,64;23,22,31,40,39,38,47;52,61,70,69,68,67,66;58,59,60,51,42,43,34
9,0,0,7;59,58,49,40,39;20,29,30,31,32,41,50,51,60,69,68,67,66,57,48;38,47,56,55;34,35,26,17,8,7,6,5,4,3,2,1,0,9,18,27,36,45,54,63,72,73;21,22,23,24,33,42,43,52,61,70,79,78,77,76,75,74,65,64;25,16,15,14,13,12,11,10,19,28,37,46;80,71,62,53,44
9,0,0,8;41,32,31,22,21,12,11;0,9,18,27,36,45,46,47,56;30,29,20,19,10,1,2,3,4,5,6,7,8,17,26,35,44,43,42,33,24,23;49,50,51,52,53,62,71,80,79,78,69,68,67,66,65,64,55,54;48,57,58,59,60,61,70;13,14,15,16,25,34;40,39,38,37,28;63,72,73,74,75,76,77
9,0,0,9;29,20,19,10;34,43,52,61,70,69,68,67,66;15,6,7,8,17,26,35,44,53,62,71,80,79,78,77,76,75,74,73,72,63,54,45,36,37,38;13,22,31,40,39;64,65,56,57,58,59,60,51,42,33,24,25,16;11,12,21,30;28,27,18,9;14,5,4,3,2,1,0;55,46,47,48,49,50,41,32,23
9,0,0,9;49,50,51,52,53;80,71,62,61,60,59,58,57,56;8,17,26,25,24;22,31,40,41,42,43,44;7,16,15;11,20,29,38;10,19,28,37;6,5,4,3,2,1,0,9,18,27,36,45,54,63,72,73,74,75,76,77,78;79,70,69,68,67,66,65,64,55,46,47,48,39,30,21,12,13,14,23,32,33,34,35
9,0,0,7;14,15,16,25;47,48,57,58,67,76,75,74,73,64,55;46,37,28;5,6,7,8,17,26,35,44,53,62,71,80,79,78,77,68,59,50,49,40,39,38,29,20,19;72,63,54,45,36,27,18,9,10,11,12,21,30,31,32,41,42,51,60;0,1,2,3,4,13,22,23,24,33,34,43,52,61,70,69;56,65,66
9,0,0,10;79,80,71,62,53,44,35,26,17,8,7,6,5,4,3,2,11;24,15,14,13;70,61,52,51,42,33,32,23,22;1,10,19,28,37,46,47,56,57,66,67,68;31,40,41,50,59,60,69,78,77,76,75,74,65,64,55,54;63,72,73;20,29,38,39,48,49,58;43,34,25,16;12,21,30;0,9,18,27,36,45
9,0,0,8;0,1,10,19,20,21,30,31,40,49;32,41,50,59,58,57,48,39,38,29,28,27,18,9;35,26,17,8,7,6,5,4,3;66,67,68,69,60,51,42,33,24,23,22,13,12,11,2;64,65,56,47,46,37;70,61,52;14,15,16,25,34,43,44,53,62,71,80,79,78,77,76,75,74,73,72,63;36,45,54,55
9,0,0,9;62,71,70,69,68,67,76,75,74,73,64,55,46,37,38,39,40,41,32,23,24,25,16,7,6,5,4,3,2,1,0,9,18,19,20,21;66,57,58,59,60,61,52,53;8,17,26;72,63,54,45,36,27;28,29,30,31,22,13,14,15;44,43,42,51,50,49,48,47,56,65;77,78,79,80;35,34,33;12,11,10
9,0,0,8;46,55,64,73,74,75,66,67,68,69,70,61,52,43;3,2,1,0,9,18,27,36,45,54,63,72;31,22,21,20,19,28,37,38,47,48,49,50,41;40,39,30,29;76,77,78,79,80,71,62,53,44;65,56,57,58,59,60,51,42,33,24,25;16,15,14,23,32;10,11,12,13,4,5,6,7,8,17,26,35,34
9,0,0,8;57,66,65,64;1,10,11,12,21,30,29,28,27,36,45,54,63,72,73,74,75,76,77,78,79,80,71,62,53,44,35,26,17,8;69,70,61,52,43,34,25,16,7,6;67,58,49,50,41,32,23;68,59,60,51,42,33,24,15,14,13,22,31,40,39,48,47,56;0,9,18,19,20;38,37,46,55;5,4,3,2
9,0,0,9;63,54,45,36,27,18,9,0,1,2,3,4,5,6,7,8,17,26,35,44,53,62,71,80,79,78,77,76,75,74,65;72,73,64,55;61,70,69,68,67,66;57,58,59,60;41,32,23,22,21;16,15,24,33,42,51,50,49,48,39,38;56,47,46,37,28,19,10,11,12,13,14;52,43,34,25;20,29,30,31,40
9,0,0,8;51,60,59,58;34,43,42,41,50,49,48,57,66,67,68,69,70,61;65,56,47,38,39,30,21,12,13;52,53,62,71,80,79,78,77,76,75,74,73,64,55,46,37,28,29,20;16,25,24,33,32;15,14,23,22,31,40;72,63,54,45,36,27,18,19,10,11;9,0,1,2,3,4,5,6,7,8,17,26,35,44
9,0,0,9;43,52,61,70,69,68,67,66,65,64,55;31,22,13,4,3,2,1,0,9,18,19,20;28,37,46,47,56,57,58;16,15,24,33,34,35,44,53,62,71,80,79,78,77,76,75,74,73,72,63,54,45,36,27;40,41,32,23,14,5,6,7,8;59,60,51,42;17,26,25;50,49,48,39,38,29;10,11,12,21,30
9,0,0,7;80,71,62,53,44,35,26,17,8,7,6,5,4,3,2,1,0,9,18,27,36,45,54,63,72,73,74,75,76,77;33,32,31,30;57,48,39,38,29,20,21,22,23,24;70,61,52,51,50;79,78,69,60,59,58,49,40,41;55,64,65,66,67,68;42,43,34,25,16,15,14,13,12,11,10,19,28,37,46,47,56
