11,0,0,10;95,84,73,62,63,64,75,86,97,108;9,10,21,32,43,54,65,76,87,98,109,120,119,118,117,116,115,114,113,112,111,100;101,102,103;20,31,42,53,52,51,50,49,48,47,46,45,44,55,66,77,88,99,110;61,72,71,70,69,68;8,19,30,41,40,39,38,37,36,25;89,90,91,92,93,104,105,106,107,96,85,74;94,83,82,81,80,79,78,67,56,57,58,59,60;26,27,28,29,18,7,6,5,4,3,2,1,12,23;17,16,15,14,13,24,35,34,33,22,11,0
11,0,0,12;41,30,29,28;13,14,15,16,27;97,86,85,74,63,52,51,40,39,38,37,26,25,24;36,47,48,49,50,61,62,73,84,95,106,117,118,119,120;23,12,1,2,3,4,5,6,7,8,9,10,21,32,43,54,65,76,87,98;22,11,0;60,59,58,57,46,45;109,108,107,96;92,91,102,101,100,89,78,67,68,69,70,71,72,83,94,105,116,115;75,64,53,42,31,20,19,18,17;35,34,33,44;90,79,80,81,82,93,104,103,114,113,112,111,110,99,88,77,66,55,56
11,0,0,11;5,4,15,26,27,28,39,50,61,72,73,84,95,94,93,92,81,70,59,48;102,91,80,69;101,100,89,78,67,56,57,58,47,36,37,38,49,60,71,82,83;43,54,65,64,75,86,97,108,119,118,117,116,115,114,113,112,111,110,99,88,77,66,55;33,22,11,0,1,2,3,14,25,24,35,46;6,7,8,9,10,21,32,31,42,53,52;20,19,30,41;68,79,90;44,45,34,23,12,13;76,87,98,109,120;103,104,105,106,107,96,85,74,63,62,51,40,29,18,17,16
11,0,0,13;103,102,101,100,89,78,79,80,81,82,71,72,61,62,63,52,41,30,29,28;17,18,19,20,31,42,53,64,75,74,85,96,95,94;11,0,1,2,3;83,84,73;16,27,38,39,40,51;47,36,35,34;37,48,59,70,69,68,67,56,45;116,117,118,119,120,109,98;46,57,58;23,24,25,26;105,106,107,108,97,86,87,76,65,54,43,32,21,10,9,8,7,6,5,4,15,14,13,12;60,49,50;22,33,44,55,66,77,88,99,110,111,112,113,114,115,104,93,92,91,90
11,0,0,11;71,72,83,94,95,96;93,82,81,70,69,58,47,36,25,26,27,28,29,30,41;115,116,117,118,119,120,109,98,87,76,65,54,43,32,31,20,19,18,17,16,15;80,79,78,67,56,45,34,23,12,13,14;21,10,9,8,7,6,5,4,3,2,1,0,11,22,33,44,55,66,77,88,99,110,111,112,113,114,103,104,105,106,107,108,97,86,75,64,53,42;89,90,91,92;59,60,61,62,73,84;68,57,46,35,24;85,74,63,52,51,50,49;100,101,102;40,39,38,37,48
11,0,0,11;37,38,27,16,5,6,7,8,9,10,21;74,73,84,83,82,93,104,105,106,107,108,97;87,98,109,120,119,118,117,116,115,114,113,112,111,110,99,88,77,66,55,44,33,22,23,24,35,46,57,68,79,90,91;80,69,58,59,60,49,50,51,52;34,45,56,67,78,89,100,101,102;53,42,41,30,29;48,47,36,25;1,2,3,4,15,26;94,95,96,85,86,75,76,65,54,43,32,31,20,19,18,17,28,39,40;0,11,12,13,14;64,63,62,61,72,71,70,81,92,103
11,0,0,10;97,86,75,64,63,52,41,42,43,32;118,119,120,109,98,87,76,65,54,53;7,6,17,28;67,78,79,90,101,102,103,104,105,94,83,72,61,50,39,38,27,16,5,4,3,2,1,0,11,22,23,24,25,36,47,58,59,70,81;10,9,8,19,18,29,40,51,62,73,74,85,96,107,108;44,33,34,35,46,57,68,69,80,91,92,93,82,71,60,49,48,37,26,15,14,13,12;84,95,106,117,116,115,114,113;21,20,31,30;99,110,111,112;45,56,55,66,77,88,89,100
11,0,0,10;108,107,106,105,94,83,72;39,40,29,18,7,8,9,10,21,32,43,54,65,76,75,74,73,84,95,96,97;22,11,0,1,2,3,4,5,6,17,28,27;20,31,42,53,64,63,62,61,60,59,48,47,46,57,68,79,80,81,92,103,102,101,100;114,113,112,111,110,99,88,77,66,55,44,33,34,23,24,25;12,13,14,15,16;58,69,70,71,82,93,104,115,116,117,118,119,120,109,98,87,86,85;26,37,36,35;38,49,50,51,52,41,30,19;45,56,67,78,89,90,91
11,0,0,12;0,11,22,33,44,55,66,77,78,89,100,101,102,103,104,105,106,107,108,97,86,75,64,53,54;19,20,21,32,43;1,12,23,34,45,46,57,58;73,72,71,82,81,80,79,90;65,76,87,98,109,120,119,118,117,116,115,114,113,112,111,110,99,88;62,61,60,59;70,69,68,67,56;95,96,85,74,63,52,51,50,49,48,47;10,9,8,7,6,5,4,3,2;42,41,40,39,38,37,36,35,24,13,14,15,16,17,18;25,26,27,28,29,30,31;84,83,94,93,92,91
11,0,0,13;57,56,55,66,77;86,97,108,107,106,105,104,93,82;111,100,101,90,79,68,69,58,59,48;102,113,112;20,31,42,53,52,63;30,41,40,51,62,61,72,83,94,95,96,85;45,34,23,12,13,14;110,99,88,89,78,67;17,16,27,38,37,36,47;44,33,22,11,0,1,2,3,4,15,26,25,24,35,46;84,73,74,75,76,87,98,109,120,119,118,117,116,115,114,103,92,91,80;81,70,71,60,49,50,39,28,29,18,19,8,9,10,21,32,43,54,65,64;7,6,5
11,0,0,13;16,15,26,37,36,35,34,33,44,55,66,77,88,99,110;120,119,108;2,1,0;112,113,114,115,116,117,118,107;41,52,51,62,73,72,71,70,81,92,91,102,101;23,24,25,14,3,4,5,6,7,8,9,10,21,32,31,30,29,40,39,50,61,60,59,58,69,80,79,90,89,100,111;106,105,104,103;109,98,87;93,82,83,84,85,74,63,64,53,42;13,12,11,22;78,67,68,57;56,45,46,47,48,49,38,27,28,17,18,19,20;43,54,65,76,75,86,97,96,95,94
11,0,0,11;63,52,41,30,29,28,17,16,15,14,13,12,23,34,35,36,37;103,92,81,70,71,72,73,74,75,64,53;32,21,10,9,8,7,6,5,4,3,2,1,0,11,22,33;18,19,20,31,42,43,54,65,76,87,86,85,96,95,94;98,109,120,119,118,117,116,105;100,89,78,67,56,57,58,59,60,61,50;46,47,48,49,38,27,26,25,24;97,108,107,106;62,51,40,39;84,83,82,93,104,115,114,113,102,91,80,69,68;79,90,101,112,111,110,99,88,77,66,55,44,45
11,0,0,12;86,97,108,107,118,117,116,115,114,113,112,111,110,99,88,89,78,67,56,45,34,35,36,37;82,71,72;100,101,102;42,41,40,39,38,27,26,15,14,13;25,24,23,12,1,2,3,4,5,6,7,8,9,10,21,32,43,54,65,76,87,98,109,120,119;60,61,62,63;77,66,55,44,33,22,11,0;16,17,18,19,20;49,50,51,52,53,64,75,74,73,84,83,94,93;58,69,80,81,92,103,104,105,106,95,96,85;31,30,29,28;70,59,48,47,46,57,68,79,90,91
11,0,0,11;69,68,57,46;86,85,84,83;67,56,45,34,23,22,11,0,1,2,3,4,15,16,17,18,19,20,31,42,53,64;114,113,112,111,110,99,88,77,66,55,44,33;39,50,61;109,120,119,118,117,116,115,104,103,92,91,90;95,96,97,98,87,76,75,74,63,52,41,30,29,28,27,38,49,60;102,101,100,89,78,79,80,81,82,93,94,105,106,107,108;24,35,36,47,58;12,13,14,25,26,37,48,59,70,71,72,73,62,51,40;5,6,7,8,9,10,21,32,43,54,65
11,0,0,9;73,62,51,40,29,18;9,20,31,42,53,64,75,86,97,108;27,26,25,36,47,48,49,50;12,23,34,45,56;57,46,35,24,13,14,15,16,17,6,7,8,19,30,41,52,63,74,85,84,83,82,93,92,91,90;5,4,3,2,1,0,11,22,33,44,55;61,60,59,58,69,68,67,66,77,88,99,110,111,112,113,114,115,116,117,106;10,21,32,43,54,65,76,87,98,109,120,119,118,107,96,95,94,105,104,103,102,101,100,89,78,79,80,81,70,71,72;37,38,39,28
11,0,0,10;23,12,1,2,3,4,5,6,7,8,9,10,21,32,43,54,65,76,87,98,97,96,85,74,63,52,41,40,39,50,61,72,83,94,105,116;115,104,93,82,71,60,49,38,37,36,25;86,75,64,53,42,31,30,29,28,27,26;46,57,56,67,78,89,100,101,102,103,92;114,113,112,111,110,99,88,77,66,55,44,45,34,35,24,13,14,15,16,17,18,19,20;51,62,73,84,95,106,117,118,119,120;109,108,107;90,91,80,81,70,59;0,11,22,33;48,47,58,69,68,79
11,0,0,11;39,40,41,42,53,64,75,86,97,108,107;79,90,91,92,93;48,37,26,25,24,23,12;0,11,22,33,44,55,66,77,88,99,110,111,112,113,114,115,116,105,94,83,84,73,62;14,13,2,1;7,18,17,16,15;46,57,68,69,70,71,72,61,50,51,52,63,74,85,96,95,106,117,118,119,120,109,98,87,76,65,54,43,32,31,20;80,81,82;21,10,9,8,19;104,103,102,101,100,89,78,67,56,45,34,35,36,47,58,59,60,49,38,27,28,29,30;6,5,4,3
11,0,0,10;108,107,106,105,104,103,102,101,90,79,68;26,15,16,17,18;44,33,22,11,0,1,2;37,38,27,28,29,30,19;41,52,63,74,85,84,83,82,81;20,31,42,53,64,75,86,97,96,95,94,93,92,91,80,69,70,71,72,73;100,89,78,67,56,57,46,35,24;45,34,23,12,13,14,3,4,5,6,7,8,9,10,21,32,43,54,65,76,87,98,109,120,119,118,117,116,115,114,113,112,111,110,99,88,77,66,55;50,49,48,47,36,25;39,40,51,62,61,60,59,58
11,0,0,12;71,70,69;20,31,42,53,64,63,74,85,84,83,82,81,80,79,90;56,45,34,23,12,13,14;120,119,118,117,116,115;36,37,38,39,40,29,18;111,112,113,114,103,104,105,106,107,108,109,98,87;73,62,51,52,41,30,19;78,67,68,57,58,59,60;55,44,33,22,11,0,1,2,3,4,15,16,17;110,99,100,101,102,91,92,93,94,95,96,97,86,75,76,65,54,43,32,21,10,9,8,7,6,5;89,88,77,66;72,61,50,49,48,47,46,35,24,25,26,27,28
11,0,0,8;104,103,102,101,100,89,78,67,56,45,34,23,12;82,93,92,91,90;69,58,59,48;4,3,14,25,36,47,46,57,68,79,80,81,70,71,60;18,19,20,31,42,53,64,75,86,97,96,95,84,73,62,51,40,39,38,27,16,5;37,26,15;49,50,61,72,83,94,105,106,107,108;85,74,63,52,41,30,29,28,17,6,7,8,9,10,21,32,43,54,65,76,87,98,109,120,119,118,117,116,115,114,113,112,111,110,99,88,77,66,55,44,33,22,11,0,1,2,13,24,35
11,0,0,10;100,101,102,103,104,105,106,107,108,109,98,87,76,65,54,43,32,21,10,9,8,7,6,5;20,19,18,17,16,15,4,3,2,1,0,11,22,23,34,45,46,57,58,59,60,71,72;86,85,84,83,82,93;120,119,118,117,116,115,114,113,112,111,110,99,88,89,90,91,92;33,44,55,56,67,68,69;47,48,49,50,51,52,63;94,95,96,97;14,25,26,27,28,29,30,31;12,13,24,35,36,37,38,39,40,41,42,53,64,75,74,73,62,61;66,77,78,79,80,81,70
11,0,0,10;32,43,54,65,76,87,98,109,120,119,118,117,116;61,50,39,28,17,18,19,20;111,112,113;90,79,68,69,70,59,48,37,26,25,24,35,46;57,58,47,36;103,92,93,94,95,96,85,74,63,52,41;88,77,66,55,44,33,22,11,0,1,2,13,14,15,16,27,38,49,60,71,72,73,62,51,40,29,30,31,42,53,64,75,86,97,108,107,106,105,104,115,114;110,99,100,101,102,91,80,81,82,83,84;21,10,9,8,7,6,5,4,3;89,78,67,56,45,34,23,12
11,0,0,9;24,25,26,27,16,5,6,7,8,9,10,21,32,43,54,65,76,87,98,109,120,119,118,117,106,95,84,73,72,71,70,81,92,103,102,101,100,89,78;114,113,112,111,110,99,88,77,66,55,44,33,22,11,0,1,2,3;49,38,37,36,35,46,57,58,69,80,91,90;30,29,40,51,62,61,60,59,48,47;83,94,105,116,115;79,68,67,56,45,34,23,12,13,14,15,4;41,52,63,74,85,96;82,93,104;50,39,28,17,18,19,20,31,42,53,64,75,86,97,108,107
11,0,0,11;89,90,79,68,67,66,55,44,33,22,11,0,1,2,3;62,51,40;78,77,88,99,110,111,112,113,114,115,116,105,94,83;52,41,30,29,28,27,16,5,6,7,8,9,10,21,32,43,54,65,76,87,98;69,80,91,102,101,100;26,15,4;103,104,93,82,71,60,49,48,47,46,35,24;92,81,70,59,58,57,56,45,34,23,12,13,14,25,36,37,38,39,50,61,72,73;117,106,95,84,85,74,63;120,119,118,107,96;109,108,97,86,75,64,53,42,31,20,19,18,17
11,0,0,13;38,39,28,17,18,19;44,33,34,23;54,65,76,87,98;83,72,61,60;37,26,15,4,3,2,1,0,11,22;109,120,119,118,117,116,115,114,113,112,111,110,99,88,77,66,55;27,16,5,6,7,8,9,10,21,32,43,42,41,52;49,50,51,40,29,30,31,20;57,58,69,80,81,82,93,94,95,84,73,62,63;78,89,100,101,102,103,104,105,106,107,96,85,74,75,64,53;24,35,46,45,56,67,68,79,90,91,92;12,13,14,25,36,47,48,59,70,71;108,97,86
11,0,0,13;64,63,52,51,50,49,60,71,82,93,104,105,106,107,118,119,120;67,68,57,58,59,70,81,92,103,102,101,100;3,4,5,16,27,26,25,36,47;69,80,91,90,89,88,99,110,111,112,113,114,115,116,117;22,11,0,1,2,13,14,15;44,33,34,23,12;48,37,38,39,40,41,42,53;21,20,19,18;61,72,83,94,95;85,84,73,62;24,35,46,45,56,55,66,77,78,79;108,109,98,87,76,65,54,43,32,31,30,29,28,17,6,7,8,9,10;96,97,86,75,74
11,0,0,12;69,68,67,78,89,100;108,107,106,105,94,93,92,91;20,31,30,29,40,39,50,49,48,59,70;14,13,12,23,34;10,21,32,43,42,41,52,63,64,75,86;16,15,26,25,24,35,46,45,44,55,66,77,88,99,110,111,112,113,114,115,116,117,118,119,120,109;97,96,95,84,83,82,81,80,79,90,101,102,103,104;19,18,17,28,27,38,37,36,47,58,57,56;53,54,65,76,87,98;61,62,51;9,8,7,6,5,4,3,2,1,0,11,22,33;60,71,72,73,74,85
11,0,0,12;18,17,28,39,50,51;24,35,36,47,58,69;73,72,71,70,59,48;27,16,15;10,9,20,31,42,53,54,65,76,87,98,109,120,119,118,117,116,115,114,113,112,111,110,99,88,77,66,55,44,33,22,11,0,1,2,3;56,67,78,89,90,91,92,93,94,95,96,97,86,75,64;4,5,6;25,26,37,38,49,60,61,62,63,52,41,40;7,8,19,30,29;100,101,102,103,104,105,106,107,108;21,32,43;74,85,84,83,82,81,80,79,68,57,46,45,34,23,12,13,14
11,0,0,10;74,85,96,97;108,107,106,95,84,83,82,81,80,69,68,67,56,45;0,11,22,33,44,55,66;37,38,39,40,51,52,53,42,31,20,19,18,17,16,15,14;26,27,28,29,30,41;76,75,64,63,62,61,60;50,49,48,47,36,25,24,13;94,93,92,91,90,79,78,77,88,99,110,111,112,113,114,115,116,117,118,119,120,109,98,87,86;105,104,103,102,101,100,89;73,72,71,70,59,58,57,46,35,34,23,12,1,2,3,4,5,6,7,8,9,10,21,32,43,54,65
11,0,0,11;85,86,75,64,53,42,31,30,29,28,39,50,49,48;80,81,70,59,60;37,26,25,24,35,46;83,84,73,74,63,52,41,40;51,62,61,72;87,76,65,54,43,32,21,10,9,8,7,6,5,4,3,2,1,0,11,22,33,44,55,66,77,88,99,110,111,112,113,114,115,116,117,118,119,120;38,27,16,17,18,19,20;69,58,47,36;71,82,93,94,95,96,97,98;15,14,13,12,23,34,45,56,57,68,79,90,91,92;67,78,89,100,101,102,103,104,105,106,107,108,109
11,0,0,12;24,25,14,3;5,6,7,8,9,10;115,114,113,112,111,110,99,88,77,66,55,44,33,22,11,0,1;40,41,52,63,64,75,86,85,84,95,94,93,92,91,90,89,78,67,56,45,34,23,12,13,2;35,36,47,58,69,70,71,72;74,73,62,51,50,49,38,27,16,17,18,19,20,21,32,43;83,82,81,80,79,68,57,46;4,15,26,37,48,59,60,61;120,109,108,107,106;119,118,117,116,105,104,103,102,101,100;96,97,98,87,76,65,54,53,42;39,28,29,30,31
11,0,0,10;15,26,25,36,47,58;108,119,118,117,116,115,104;69,80,91,102,101,100,89,78,67,56,45,34,23,12,11,0;85,86,87,76,65,54,43,32,21,10,9,8;1,2,13,24,35,46,57,68,79,90;120,109,98,97,96,107,106,105,94,93,92,103,114,113,112,111,110,99,88,77,66,55,44,33,22;6,17,28,29,30,41,52,63,62,61,50,49;7,18,19,20,31,42,53,64,75,74,73,72,71,60;14,3,4,5,16,27,38,39,40,51;37,48,59,70,81,82,83,84,95
11,0,0,10;26,37,36,47,46,45,44;58,57,68,67,78,89,100,111,112,113,114,115,116,117,118,119,120,109,98,87,76;56,55,66,77;30,41,52,63,64,75,86,97,108;1,0,11,22,33,34,35,24,25,14,15,16,27,38,49,60,71,82,81,92,91;23,12,13,2,3,4,5,6,17,28,39,50,61,72,83;93,94,95,84,73,62,51,40,29,18,7,8,9,10,21,32,43,54,65;53,42,31,20,19;88,99,110;74,85,96,107,106,105,104,103,102,101,90,79,80,69,70,59,48
11,0,0,9;4,3,2,1,0,11,22,33;5,6,7,8,9,10,21,32,31,42,53,64,75,86,85,84,83,94,93,92,91,90,79,68,69,70,59,48;103,102,101,100,89,78,67,56,57,58,47,36,37,38,49,60,61,62,51,40,29,18,17,16;20,19,30,41,52;63,74,73,72,71,82,81,80;104,105,106,107;15,14,13,12,23,34,45,44,55,66,77,88,99,110,111,112,113,114,115,116,117,118,119,120,109,98,87,76,65,54,43;95,96,97,108;50,39,28,27,26,25,24,35,46
11,0,0,13;18,29,28,39;9,10,21,32,43;40,51,62,73,74,85,96,97,108;37,48,59,70,69;75,86,87,98,109,120,119,118,107,106,95,94,93,92,91,90,79,68,57,46,35;12,13,14,15,26;117,116,115,114,113,112,111,110,99,88,77,66,55,44,33;84,83,72,61,50,49,38;34,45,56,67,78,89,100,101,102,103,104,105;27,16,17,6,7,8,19,30,41,52,63,64;5,4,3,2,1,0,11,22,23,24,25,36,47,58;80,81,82,71,60;76,65,54,53,42,31,20
11,0,0,8;27,28,29,40,51,62,73;46,35,24,25,26,37,38,39,50,61,72,83;82,71,60,49,48,47,36;20,31,42,53,64,75,86,97,108;119,118,107,106,105,104,103,102,91,80,69;96,95,94,93,92,81,70,59,58,57,68,79,90,101,100;89,78,67,56,45,34,23,12,13,14,15,16,17,18,19,30,41,52,63,74,85,84;120,109,98,87,76,65,54,43,32,21,10,9,8,7,6,5,4,3,2,1,0,11,22,33,44,55,66,77,88,99,110,111,112,113,114,115,116,117
11,0,0,11;16,17,18,19,20,31,42,53,64;107,108,97,86,75,74,73,84,83,94,93,92,91,80,69,58,57,46,35,24;82,81,70;52,63,62,61,50,49;115,116,117;78,89,100,101,102,103,104,105,106,95,96,85;72,71,60,59,48,47;3,2,1,0,11,22,33,44,55,66,77,88,99,110,111,112,113,114;5,4,15,26,27,28,29,30,41;51,40,39,38,37,36,25,14,13,12,23,34,45,56,67,68,79,90;118,119,120,109,98,87,76,65,54,43,32,21,10,9,8,7,6
11,0,0,9;39,40,41,42,43,54,65,76,87,98,109,120,119;91,90,79,78;108,97,86,75,64,53,52,51,50,49,38;24,25,36,47,58;89,100,101,102,103,92,81,80,69,68,57,46,35;67,56,45,34,23,12,13,14,15,16,17,18,19,20;70,71,82,83,94,105,116,117,118;93,104,115,114,113,112,111,110,99,88,77,66,55,44,33,22,11,0,1,2,3,4,5,6,7,8,9,10,21,32,31,30,29,28,27,26,37,48,59,60,61,62,63,74,85,96,107;106,95,84,73,72
11,0,0,9;17,18,7,8,9,10,21,32,43,54,53,52,63,62,73,84;19,20,31,42,41,40,51,50,61,72,83,94,93,92,91,90,79,68,69,58,47,36,35;64,75,74,85,96,95,106,105,104,103,102,101,100,89,78;65,76,87,86,97,108,107;98,109,120,119,118,117,116,115,114,113,112,111,110,99,88,77,66,67;45,34,23,12,13,14,15,16,27;24,25,26,37,48,59,70,81,80;6,5,4,3,2,1,0,11,22,33,44,55,56,57,46;30,29,28,39,38,49,60,71,82
11,0,0,11;66,55,44,33,22,11,0,1,2,3,4,5,6;116,115,104,93,82,81,80,91,102,101,100,99,88,77,78,67,56,45,34,23,12;59,58,57,46,35;61,50,39,38,37,26,25,24;13,14,15,16,27,28,29,30,31,42,53,52,63,74,85,96;60,49,48,47,36;105,94,83,72,71,70,69,68,79,90,89;10,9,8,7;64,75,86,97,108,107,106,95,84,73,62,51,40,41;110,111,112,113,114,103,92;17,18,19,20,21,32,43,54,65,76,87,98,109,120,119,118,117
11,0,0,10;23,24,25,26,37,48,59;22,33,34,35,36,47,58,69,80,91;104,105,106,107,108,97,86,75,64,63,62,51,40,29,18,19,20;42,43,32,21,10,9,8,7,6,17,28,39,50,61,72;31,30,41,52,53,54,65,76,87,98,109,120,119,118,117,116,115,114,113,112,111,110;100,89,78,67,56;11,12,13,14,15,16,27,38,49,60,71,70;0,1,2,3,4,5;85,96,95,94,93;99,88,77,66,55,44,45,46,57,68,79,90,101,102,103,92,81,82,83,84,73,74
11,0,0,9;58,47,36,35;115,114,113,112,111,110,99,88,77,66,55,44,33,22,11,0,1,2,3,4,5,6,7,8,9,10,21,32,43;100,101,102,103,104,105,106,107,108,97,98,87,76,65,54,53;69,70,59,48,37,26,25,24,23,34,45,56,67,78,89,90,91,92,93,94,95,96,85,86,75,64,63,62,61,72;46,57,68,79,80,81,82,83,84,73,74;17,18,19,20,31,42;12,13,14,15,16,27,28,29,30,41,52,51,50,49,60,71;40,39,38;116,117,118,119,120,109
11,0,0,13;19,20,31,42,53,64,63,74,73,84,83,94,105,116;72,71,82,93,104,103,102,101,100,89;68,79,90,91,92,81,70,59,48,47,36,35,34,23;14,3,4,5,6,7;40,29,18,17,16,15;12,11,22,33,44,45,46;56,57,58,69,80;0,1,2,13,24,25,26,37,38,49,60,61,62;78,77,88,99,110,111,112,113,114,115;27,28,39,50,51,52,41,30;8,9,10,21,32,43,54,65,76,75,86,85,96,95,106,117,118,119,120,109;55,66,67;87,98,97,108,107
11,0,0,11;33,22,11,0,1,2,3,4;104,93,82,71,60,59,58,57,56,67,78,89,100;85,74,63;79,80,91,102,113,114,115,116,117,118,119,120,109,98,87,76,75;5,16,27,26,25,24,35,46,47,48,49,50,61,72,83,94,105,106,107,108;34,45,44,55,66,77,88,99,110,111,112,101,90;15,14,13,12,23;28,17,6,7,8,9,10,21,32,43,54,65,64;86,97,96,95,84,73,62,51,52,41,30;68,69,70,81,92,103;53,42,31,20,19,18,29,40,39,38,37,36
11,0,0,9;84,83,72,61,60,49,38,27,28,29,40,41,52,63,64;120,119,118;82,93,92,91,90,79,68,57,46,47,36;10,21,32,43;30,19,18,17,16,15,14,13,12,23,22,33,44,55,66,77,88,99,110,111,112,113,114,115,116,117,106,107,96,85;109,108,97,86,75,74,73,62,51,50,39;58,69,80,81;11,0,1,2,3,4,5,6,7,8,9,20,31,42,53,54,65,76,87,98;95,94,105,104,103,102,101,100,89,78,67,56,45,34,35,24,25,26,37,48,59,70,71
11,0,0,9;118,107,108,97,86,75,64;73,62,51,52,53,42,31,30,29,28,27,38,49,60,71,82,81,80,69,58,47,36;92,93,94,83,84,85,74,63;70,59,48,37,26,25,24,23,34,45,56,67,78,89,100,101;35,46,57,68,79,90,91;0,1,2,3,4,5,6,7,8,9,10;96,95,106,117,116,115,114;105,104,103,102,113,112,111,110,99,88,77,66,55,44,33,22,11,12,13,14,15,16,17,18,19,20,21,32,43,54,65,76,87,98,109,120,119;72,61,50,39,40,41
11,0,0,11;1,0,11,22,33,44,55,66,77,88,99,110,111,112,113,114,103,92,81,82,83,72,61,60,59,58,57,68,79,90;26,27,28,29,40,41;116,105,106,107,96,85,74,63,52;39,38,37,36,35,34;42,53,64,65,76;30,19,18,17,16,15,14,25,24,23;12,13,2,3,4,5,6,7,8,9,20,31;10,21,32,43,54;97,108,119,118,117;75,86,87,98,109,120;115,104,93,94,95,84,73,62,51,50,49,48,47,46,45,56,67,78,89,100,101,102,91,80,69,70,71
11,0,0,11;46,47,36,25,26,27,28,29,30,41,52,63,74,85,96,95;49,60,59,58,57,68,67,78,77,88;110,111,112,101,90,79,80,81,82,83,84,73,62,51,40,39,38,37,48;45,56,55,66;44,33,22,23,12;114,113,102;93,94,105,106,107,108,97,86,75,64,53,42,31,20,19,18,17,16,15,14,13,24,35,34;104,115,116,117,118,119,120,109,98,87,76,65,54,43,32,21,10,9,8,7,6,5,4,3,2,1,0,11;89,100,99;91,92,103;69,70,71,72,61,50
11,0,0,11;86,97,108;14,3,4,5,16,27;95,94,93;40,51,50,49,48,47,36,25,24;72,73,74,75,64,53,42,31,20,19,18,29,28,39,38,37,26,15;17,6,7,8,9,10,21,32,43,54,65,76,87,98,109,120,119,118,117,116,115,114,113,102,91,92,81,82;71,70,69,80,79,90,101,112,111,110,99,88,77,66,55,44,33,22,11,0,1,2,13;68,57,46,35;83,84,85,96,107,106,105,104,103;58,59,60,61,62,63,52,41,30;100,89,78,67,56,45,34,23,12
11,0,0,10;89,90,91,92,93,104,105,106;70,69,68,67,66,55,44,33,22,11,0,1,2,13,24,35,46,47,48,49,38,39,40,41;12,23,34,45,56,57,58,59,60,61,62,73,84,95,96,107;37,26,27,28,29,30;108,97,86,85,74,63,52,51,50;110,111,112,113,114,115,116,117,118,119,120,109,98,87,76,75,64,53,42,31,20,19,18,17,16,15,14,25,36;72,83,94;99,100,101,102,103;71,82,81,80,79,78,77,88;65,54,43,32,21,10,9,8,7,6,5,4,3
11,0,0,10;67,68,69,58,47;66,77,88,99,110,111,112,113;89,100,101,102,103,114,115,116,105;119,108,97,86,75,74,63,62;45,34,23,12,13,14,15,16,17,18,29,40,39,38,49,60,71,82,83,94,95,106,117;118,107,96,85,84,73,72,61,50,51,52,41,30;120,109,98,87,76,65,54,43,32,21,10,9,8,7,6,5,4,3,2,1,0,11,22,33,44,55,56,57,46,35,24,25,26,27,28;36,37,48,59,70,81,80,79,78;104,93,92,91,90;64,53,42,31,20,19
11,0,0,8;32,21,10,9,8,7,6,5,4,3,2,1,0,11,22,23,24,25,26,27,28,29,30,41;37,36,35,34,33,44,55,66,77,88,99,100,101;12,13,14,15,16,17,18,19,20,31,42,53,64,75,86,97,108;105,94,95,84;43,54,65,76,87,98,109,120,119,118,117,116,115,104,93,82,83;110,111,112,113,114,103,92,81,80,79,68,57,58,59,60,61,50,51,52,63,74,85,96,107,106;62,73,72,71,70,69;40,39,38,49,48,47,46,45,56,67,78,89,90,91,102
11,0,0,12;56,67,68,79,90,91,92,93,94,83,72,61,50,51,40,29,30,19,20,21;82,71,60,49,48,47,36;35,24,25,26,37,38,39,28,17,6,5,4,3,2,1,0,11,22,33,44;27,16,15,14,13,12,23,34,45,46;95,96,85,86,75,64,53,42,31,32;10,9,8,7,18;43,54,65,76,87,98,109,120,119,118,117,116,115,114,113,112,111,110,99,88;80,69,58,57;55,66,77,78,89,100,101,102,103,104,105,106,107,108,97;41,52,63,74;84,73,62;81,70,59
11,0,0,12;14,15,16,17;53,52,41,30,31;74,85,96,95,94,93,92,81,70,71,72,61,50,49,48,47,36;103,104,105,106,107,108,97,86,75,64,63;3,4,5,6,7,8,9,10,21,32,43,42;78,77,88,99,110,111,112,113,114,115,116,117,118,119,120,109,98,87,76,65,54;46,35,24;12,23,34,45,56,57,68,79,90,89,100;101,102,91,80,69,58,59,60;20,19,18,29,28,27;82,83,84,73,62,51,40,39,38,37,26,25;13,2,1,0,11,22,33,44,55,66,67
11,0,0,9;51,40,29,18,19,20,21;101,100,89,78,67;45,46,47,58,69,80,81,82,83,84,73,62,63,52,41,30,31,32,43,54,65,76,87,98,109,120,119,118,117,116,115,114,113;36,35,34,33,44,55,66,77,88,99,110,111,112;102,103,104,105,106,107,108,97,86,75,64,53,42;0,11,22,23,24,25,26,37,48,59,70,71,72,61,50,39,28,17,6,7,8,9,10;1,12,13,14,15,16,27,38,49,60;74,85,96,95,94,93,92,91,90,79,68,57,56;5,4,3,2
11,0,0,9;20,19,18,17,16,15,14,13,12;26,27,28,29,30,31,32,43,54,65,76,87,98,109,120,119,118,117,116,115,114,113,112,111,110;70,69,58,47,36,25,24,23,22,33,44,45,56,67,78,89;62,61,60,59,48;102,103,104,105,106,95,96;21,10,9,8,7,6,5,4,3,2,1,0,11;34,35,46,57,68,79,80,81,82,71,72,73,74,63,52,51,50,49;37,38,39,40,41,42,53,64,75,86,97,108,107;55,66,77,88,99,100,101,90,91,92,93,94,83,84,85
11,0,0,9;18,19,20,31,42,43,54,65,76,87,98,109,120,119,118,117,116,115,114,113,112,111,110,99,88,77,66,55,44,33,22,11;92,91,90,79,68,57,46,35;47,58,69,80;49,60,71,82,83,84,73,62,51,40;36,37,48,59,70,81;105,106,107,108,97,86,75,64,53,52,41,30,29,28,17,16,5,4,3,2;32,21,10,9,8,7,6;0,1,12,13,14,15,26,27,38,39,50,61,72;25,24,23,34,45,56,67,78,89,100,101,102,103,104,93,94,95,96,85,74,63
11,0,0,11;25,24,13;81,92,91,102;2,1,0,11,22,33,44,45,46,47,48,59,70,71,82,93,104,115,116,117,118,119,120,109,98,97,86,75,64;60,61,72,83,94,105,106,107,108;29,18,7,6,5,4,3,14;68,67,78,89,100,111;28,17,16,15,26,37,36,35,34,23,12;87,76,65,54,43,32,21,10,9,8,19,30,41,40,39;20,31,42,53,52,63,74,85;96,95,84,73,62,51,50,49,38,27;103,114,113,112,101,90,79,80,69,58,57,56,55,66,77,88,99,110
11,0,0,11;10,9,8,19,18,29;83,82,71,70,69,80,79,90,101;108,107,106,105,104,103,102,91;21,20,31,30,41,40,39,28,17,16,15,14,13,12,23,34,45;68,67,78,89,100;37,48,59,60,61,72;46,35,24,25,26,27,38,49,50,51,62,73,84,95,96,97,86,75,64,53,42;32,43,54,65,76,87,98,109,120,119,118,117,116,115,114,113,112,111,110,99,88,77,66;94,93,92,81;7,6,5,4,3,2,1,0,11,22,33,44,55,56,57,58,47,36;52,63,74,85
11,0,0,9;7,6,5,4,3,2,1,0,11,22,33,44,55,66,77;8,19,18,17,16,15,14,13,12,23,34,45,56,67,78,89,90;20,31,42,53,64,75;80,79,68,57,46,35,24,25,26,27,28,29,30;100,101,102,91,92,81,70,71,72,83,94,105,106,107,108,97,86,85,74,63,52,51,50,49;96,95,84,73,62,61,60,59,48,37,38,39,40,41;9,10,21,32,43,54,65,76,87,98,109,120,119,118,117,116,115,114,113,112,111,110,99,88;36,47,58,69;82,93,104,103
11,0,0,9;85,86,97,108;104,93,82;84,95,96,107,118,119,120,109,98,87,76,65,54,43,32,21,10,9,8,7,6,5,4,3,2,1,0,11,22,33,44,55,66,77;71,70,81,92,103,114,115,116,117;24,35,46,47,48,49,50,61,72,83,94,105,106;63,52,41,30,29,28,27,26,25;57,68,79,90,101,100;89,78,67,56,45,34,23,12,13,14,15,16,17,18,19,20,31,42,53,64,75,74,73,62,51,40,39,38,37,36;60,59,58,69,80,91,102,113,112,111,110,99,88
11,0,0,11;53,52,51,40,39;103,104,105,94,83,72,73;50,61,62,63,74,85,84,95,106,107,108,109,98,87,76,65,54,43,32,21,10,9,8,19,18,17,16,15,14,13,12,23,34,45,56,67,78,89,100,101;26,25,24,35,46,57,58,59,60;82,71,70,69,68,79,90,91,102;37,36,47;48,49,38,27,28,29,30,41;96,97,86,75,64;80,81,92,93;42,31,20;7,6,5,4,3,2,1,0,11,22,33,44,55,66,77,88,99,110,111,112,113,114,115,116,117,118,119,120
11,0,0,12;38,37,36,35,34,45,56,57,68,69;94,95,96;98,109,120,119,118,117,116,115,114,103,92,91,90,89;77,88,99,100,101;51,50,39,28,27,26,25,24,23;40,41,52,63,74;75,64,53,42,31,30,29;110,111,112,113,102;0,1,2,3,4,5,6,7,8,9,10,21,32,43,54,65,76,87,86,85;97,108,107,106,105,104,93,82,81,80,79,78,67,66,55,44,33,22,11,12,13,14,15,16,17,18,19,20;48,49,60,61,62,73,84,83;46,47,58,59,70,71,72
11,0,0,11;90,91,80,69,58,47,36;79,68,57,46,35,24,25,14;7,18,19,20,31,42,53,64,75,86,97,96;56,67,78,89,100,101,102,103,104,105,106,107,108,109,98,87,76,65,54,43,32,21,10,9,8;70,71,60,49,38,27,16,15,4,3,2,1,0,11,22,33;59,48,37,26;13,12,23,34,45,44;92,93,94,95,84,85,74,63,52,41,30;55,66,77,88,99,110,111,112,113,114,115,116,117,118,119,120;81,82,83,72,73,62,51,40,29;5,6,17,28,39,50,61
11,0,0,11;75,74,73,62,51,40,29;28,17,18,19,20,31,42,53,64;14,13,12,23;80,81,82,71,60,49,48,37,26,25,24;16,15,4,3,2,1,0,11,22,33,34,35,36;108,107,96,95,94;87,76,65,54,43,32,21,10,9,8,7,6,5;30,41,52,63;113,112,111,110,99,88,77,66,55,44,45,46,47;27,38,39,50,61,72,83,84,85,86,97,98,109,120,119,118,117,106,105,104,93,92,91,90,79,68,69,70;116,115,114,103,102,101,100,89,78,67,56,57,58,59
11,0,0,10;100,89,90,79,80;57,46,35,24,25,26,27,28,29,30,41,52,63,64,65,76,87,86,85,96,95,94,93,82,71,60;44,33,22,11,0,1,2,3,4,5,6,7,8,9,10,21,32,43,54;66,55,56,45,34,23;37,36,47,58,69,68,67,78,77,88,99,110,111,112,113,114,115,116,117,118,107,108,97,98;91,92,81,70,59,48,49,50,61,72,83,84;101,102,103,104,105,106;12,13,14,15,16,17,18,19,20,31,42,53;75,74,73,62,51,40,39,38;119,120,109
11,0,0,11;41,42,43,54,65,76,87,98,109,120,119,118,117,116,115,114,113,112,111,110,99,88,77,66,55,44,33,22,11,0,1,2,3,4,5,6,7;67,56,45;46,35,34,23,12,13,14,15,16,27,38,49,60,61,62,51,52,53,64,75,86,97,108;50,39,28,17,18;106,107,96,85,74,63;83,82,81,80,79,78,89,100,101,102,103,104,105;20,31,30,29,40;26,37,48,59,58;57,68,69,70,71,72,73,84,95,94,93,92,91,90;47,36,25,24;32,21,10,9,8,19
11,0,0,10;94,83,84,73;45,56,67,66,77,88,99,110,111,112,113,114,115,116,117,118,119,120,109,98,87,76,65,54,43,42,31,20,19,18,17,16,15,26,37,38,39,40,51,62,63,74,85,96,95;13,12,23,34;36,47,58,69,70,81,92,93;60,71,82;2,1,0,11,22,33,44,55;80,91,90,101;27,28,29,30,41,52,53,64,75,86,97,108,107,106,105,104,103,102;59,48,49,50,61,72;100,89,78,79,68,57,46,35,24,25,14,3,4,5,6,7,8,9,10,21,32
11,0,0,12;109,120,119,118,117,116,115;27,26,25,24,35,46,47,48,49;60,59,58,57,68,79,90,89,88,77,66,55,44,33,22,11,0,1,2,3,4;74,75,64,53,42;108,107,106,105;5,6,7,8,9,10;36,37,38,39,28,17,16,15,14,13,12,23,34,45,56,67,78;94,95,96;21,20,19,18,29,40,51,50,61,72,71,70,69,80,91,102,101,100,99;110,111,112,113,114,103,92,81;73,62,63,52,41,30,31,32,43,54,65,76,87,98;97,86,85,84,83,82,93,104
11,0,0,11;92,103,114,115,116,117,118,119;49,60,71;20,19,30;52,41,42,31,32,21,10,9,8,7,18,29,28,27,16,15,14,13,24,35,46,57,68,79,90,101,100;98,97,96,95,94,83,72,61,50,39,38,37,48,59,70;120,109,108,107,106,105,104,93,82,81;89,78,67,56,45,34,23,12;26,25,36,47,58,69,80,91,102,113,112,111,110,99,88,77,66,55,44,33,22,11,0,1,2,3,4,5,6,17;75,64,53;73,84,85,86,87,76,65,54,43;40,51,62,63,74
11,0,0,13;114,113,112,111,110,99,88,77,66,55,44,33,34,35,24;71,82,83,84;12,1,0;95,106,107,118,119,120,109,98,87,76,65,54,43,32,21,10;50,51,52,53,42,31,20,9,8,7,6,5,4,3,2,13;39,38,49,60,61,62,63,64,75,86;11,22,23;89,78,67,56,45,46,47,36,25,14,15,16,17,18,19,30;58,69,80,91,102,103,104,115;41,40,29,28,27,26,37,48,59,70,81,92,93,94,105,116,117;96,97,108;85,74,73,72;57,68,79,90,101,100
11,0,0,10;52,41,30,19,20;7,8,9,10,21,32,43,54,65,76,75,74,73,84,83,82;89,78,67,56,57,58,59,60,49,38,37,26;87,86,85,96,95,94,93,92,81,70,71,72,61,50,39,28,27,16,15,14,25,36,47,48;97,108,107,106,105,104,103,102,91,80,69;34,23,12,1;68,79,90,101,100;62,63,64,53,42,31;45,46,35,24,13,2,3,4,5,6,17,18,29,40,51;98,109,120,119,118,117,116,115,114,113,112,111,110,99,88,77,66,55,44,33,22,11,0
11,0,0,12;56,67,68,69,58,47,36,25,14;1,0,11,22,33,44,55,66,77,88,99,110;114,103,104,105,106,107,108,97,86,75,64,63,52,41,30,19,18,17;92,91,102,113,112,111,100,89,78;9,8,7,6,5;23,34,45,46,57;10,21,20,31,42,53;48,49,60,71,82,93,94,95,96,85,74,73,62,51,40,29,28,27,16,15,4,3,2;101,90,79,80,81,70,59;26,37,38,39,50,61,72,83,84;32,43,54,65,76,87,98,109,120,119,118,117,116,115;35,24,13,12
11,0,0,11;68,57,46;109,120,119;79,78,89,100,101,102,103,104,105,106,95,84,73,74,63,52,41,30,29,28,39,50,61,60,59,70;1,2,3,4,5,16,27,38,49,48,47,58,69,80,81,82,71,72;18,19,20,31,42,53,64,75,86,85,96;25,24,23,22,33,44,55;15,26,37,36,35,34,45,56;0,11,12,13,14;67,66,77,88,99,110,111,112,113,114,115,116,117,118,107,108,97,98,87,76,65,54,43,32,21,10,9,8,7,6,17;83,94,93,92,91,90;40,51,62
11,0,0,12;5,16,27,28;18,19,20;108,107,106,95,84,73;86,97,98,109,120,119,118,117,116,115,114,113,112,111,110,99,88,77,66,55,44,33,22,11,12,13,14;79,90,91,92,93,82,71;80,81,70,59,60,61,62,63;17,6,7,8,9,10,21,32,31,30,29,40;57,46,35,36,37,38,39;101,100,89,78,67,56,45,34,23,24,25,26,15,4,3,2,1,0;72,83,94,105,104,103,102;41,42,43,54,65,76,87;96,85,74,75,64,53,52,51,50,49,48,47,58,69,68
11,0,0,12;20,31,42,53;1,0,11,22;8,9,10,21,32,43,54,65,64,75,86,97,108,107;29,40,51,62,73,84,83,82;33,34,23,12;105,104,103,102,91,80,69,70,71,72,61,50,39,28,17,16,15;14,25,26,27,38,49,48,47,46,45,44,55,66,77,88,99,110,111,112,101,90,79,68;94,93,92,81;116,115,114,113;2,3,4,5,6,7,18,19,30,41,52,63,74,85,96,95,106,117,118,119,120,109,98,87,76;13,24,35,36,37;100,89,78,67,56,57,58,59,60
11,0,0,8;100,89,78,67,56,45,34,23,12,13,2,3,4,5,6,7,8,9,10,21,32,43,54,65,76,87,98,109,120,119,118,117,116,105,94;103,114,113,112,111,110,99,88,77,66,55,44,33,22,11,0,1;30,41,40,39,38,49,48;102,101,90,79,80,81,82;96,85,74,63,52,51,50,61;83,72,71,70,69,68,57,46,35,24,25,14,15,16,17;60,59,58,47,36,37,26,27,28,29,18,19,20,31,42,53,64,75,86,97,108,107,106,95,84,73,62;115,104,93,92,91
11,0,0,12;37,36,35,34,45,56;94,95,96,97,86,87,76;108,107,106,117,116,115,114,113,112,111,110,99,88,77,66,55,44,33,22,11,0,1,2,3,4,5,6,7,8,9;98,109,120,119,118;63,62,73,72,71,70,81,92,103,102,101,100,89;78,79,90,91;12,13,14,15,26,27,28,29;42,53,52,51,50,61,60,59,58,69,80;16,17,18;67,68,57,46,47,48,49,38,39,40,41,30,31,32,43,54,65,64,75,74,85,84,83,82,93,104,105;19,20,21,10;23,24,25
11,0,0,10;4,5,6,7,8,9,10,21,32,43,54,65,76,87,86,85,74,63,62,61,50;80,69,68,57,46,45,34,23,12;78,89,100,101,102,103,104,105,106,107,108;75,64,53,52,51,40,39,38;41,30,29,28,27,26,25;37,48,49,60,71,72,73,84,95,94,93,92,91,90,79;42,31,20,19,18,17,16,15,14,3;2,13,24,35,36,47,58,59,70,81,82,83;67,56,55,44,33,22,11,0,1;66,77,88,99,110,111,112,113,114,115,116,117,118,119,120,109,98,97,96
11,0,0,7;12,13,14,15,16,17,28,39,50,61;115,114,113,112,111,110,99,88,77,66,67,56,45;30,41,52,63,64,65,76,87,98,109,120,119,118,117,116,105,104,103,102,101,100,89,78;80,69,58,47;62,51,40,29,18,19,20,31,42;55,44,33,34,35,36,37,48,59,70,81,82,83,84,85,96;46,57,68,79,90,91,92,93,94,95,106,107,108,97,86,75,74,73,72,71,60,49,38,27,26,25,24,23,22,11,0,1,2,3,4,5,6,7,8,9,10,21,32,43,54,53
11,0,0,9;110,111,112,113,114,115,116,117,118,119,120,109,98,87,76,65,54,43,32,21,10,9,8,7,6,5,4,3,2,1,0,11,22,33,44,45,46,47,48,49,50,61;85,84,83,94,93,92,91,90,79,68,67;89,78,77,66,55,56,57,58,69,80;34,35,36,37,38,39,40,51;96,95,106,105,104,103,102,101,100,99,88;81,82,71,72,73,74,75,86,97,108,107;70,59,60;62,63,64,53,42,31,20,19,18,17,16,15,14,13,12;52,41,30,29,28,27,26,25,24,23
11,0,0,8;10,21,32,43,42;27,38,49,60,71,70;53,54,65,76,87,98,109,120,119,118,117,116,115,114,113,112,111,110,99,88,77,66;19,18,29,28,39,50,61,72,83,82,81,80,69;12,23,34,45,46,47,36,25,14,3,4,5,6,7,8;52,63,64,75,86,97,108,107,106,105,104,103,102,101,100,89,78,67,56,55,44,33,22,11,0,1,2,13,24,35;17,16,15,26,37,48,59,58,57,68,79,90,91,92,93,94,95,84,73,62,51,40,41,30,31,20,9;96,85,74
11,0,0,13;77,78,89,100,101,102,91;81,82,71,60,49,38,27,28,29,30,31,42,53,54,65;10,9,8,7,6,5,4;12,23,34,45,46,57,68,67;70,59,48,37,26,15,16,17,18,19,20,21,32,43;56,55,66;44,33,22,11,0,1,2,3,14,25;74,73,62,51;92,93,104,115,116,117,118,119,120,109,98,87,76;13,24,35,36,47,58,69,80,79,90;88,99,110,111,112,113,114,103;94,105,106,107,108,97,86,85;75,64,63,52,41,40,39,50,61,72,83,84,95,96
11,0,0,9;75,74,85,96;91,90,79,68,67;66,77,88,99,110,111,112;47,58,57,56,55,44,33,22,11,0,1,2,3,4,5,6,7,8,9,20,31,42,53,64,63,62,73,84,95;78,89,100,101,102,113,114,115,116,117,118,119,120,109,98;40,39,38,49,60,71,82,81,92,103,104,105,106,107,108,97,86,87,76,65,54,43,32,21,10;46,45,34,23,12,13,14,25,26,27,28,29;15,16,17,18,19,30,41,52,51,50,61,72,83,94,93;24,35,36,37,48,59,70,69,80
11,0,0,11;103,102,101,100,89,78,67,56,45,46,47,48,49,38,27;9,8,19,30;11,22,33,44,55,66,77,88,99,110,111,112,113,114,115,116,117,118,119,120,109,98,87,76,65,54,43,32;106,107,108,97,86,75,64,53,42,31,20,21,10;90,79,68,57,58,59,60,61,62,73,84;93,92,91,80,69,70,71,72;29,18,7,6,5,4,15,26,37,36,35,34,23,12,13;81,82,83;41,40,39,28,17,16;104,105,94,95,96,85,74,63,52,51,50;0,1,2,3,14,25,24
11,0,0,10;114,103,92,81,80,79,68,57,46,35,24,13,2,1,0,11,22,33,44,55,66,77,88,99,100,101;56,67,78,89,90,91,102,113,112,111,110;97,108,107,106,105;94,83,72,61,50,49;12,23,34,45;65,54,43,32,21,10,9,8,7,6,5,16,27,28,29,30,41,52,63,74,85,86;115,116,117,118,119,120,109,98,87,76,75,64,53,42,31,20,19,18,17;104,93,82,71,70,69,58;96,95,84,73,62,51,40,39,38,37,26,15;60,59,48,47,36,25,14,3,4
11,0,0,11;61,60,49,48,47;45,56,67,78,77;10,9,8,7,6,5,4,3,2,1,0,11,22,23,24,25,26,27,28;102,103,104,105,106,107,108,97,86,75;80,81,82,83,84;21,20,19,18,17,16,15,14,13,12;40,41,42,53,64;62,73,72,71,70,59,58,57,46;89,100,101;66,55,44,33,34,35,36,37,38,39,50,51,52,63,74,85,96,95,94,93,92,91,90,79,68,69;29,30,31,32,43,54,65,76,87,98,109,120,119,118,117,116,115,114,113,112,111,110,99,88
11,0,0,8;56,67,78,79,80,81,70,59,48,37,26,27,28,29;101,102,103,104,105,106,107,108;24,25,36,47,58,69,68;100,89,90,91,92,93,94,95,96,97,86;72,61,50,51,52,53,42,31,20,9,8,7,6,5,4,3,2,1,0,11,22,33,34,35;10,21,32,43,54,65,64,63,62,73,84,83,82,71,60,49,38,39;40,41,30,19,18,17,16,15,14,13,12,23;57,46,45,44,55,66,77,88,99,110,111,112,113,114,115,116,117,118,119,120,109,98,87,76,75,74,85
11,0,0,8;53,52,51,50,39;64,63,62,61,60,49,38;42,31,20,21;40,29,28,17,16,15;27,26,37,48,59,70,71,72,73,74,75,86,97,96,95,94,93,92,91,90,79,68,57,46,35,24;32,43,54,65,76,87,98,109,108,107,106,105,104,103,102,101,100,89,78,67,56,45,34,23,12,13,14,25,36,47,58,69,80,81,82,83,84,85;8,9,10;41,30,19,18,7,6,5,4,3,2,1,0,11,22,33,44,55,66,77,88,99,110,111,112,113,114,115,116,117,118,119,120
11,0,0,8;1,2,13,24,35,36;0,11,12,23;57,46,47,48,37;58,59,60,49,38,39,40,51,62,73,84,83,82,93,104,105,106,107,108,97,86,75,64,53,42,31,20,19,18,17,16,15;50,61,72,71,70,81,92,103;68,69,80,91,102,113,114,115,116,117,118,119,120,109,98,87,76,65,54,43,32,21,10,9,8,7,6,5,4,3,14,25,26,27,28,29,30,41,52,63,74,85,96,95,94;79,90,101,112,111,110,99,88,77,66,55,44,33,22;34,45,56,67,78,89,100
11,0,0,11;52,51,40,29,28,27,16;100,101,102,103,104,105,106,107,108,97;23,12,13,14,15,26,37,38,49,60;71,72,73,74,63,64,53;39,50,61,62;25,24,35,34,45,56,67,68,69;7,8,9,10,21,32,43,42,41,30;96,95,94,93,92,91,90,89,88,99,110,111,112,113,114,115,116,117,118,119,120,109,98,87;82,83,84,85,86,75,76,65,54;46,57,58,59,70,81,80,79,78,77,66,55,44,33,22,11,0,1,2,3,4,5,6,17,18,19,20,31;36,47,48
11,0,0,10;59,70,81,80,79,78,77,66,55,44,45,46,57;56,67,68,69,58,47,48,49,60,61;72,71,82;42,53,64,75,86,97,108,107;50,51,62,73,84,83,94,93,92,91,90,89,88,99,110,111,112,113,114,115,116,117,118,119,120,109,98,87,76,65,54,43,32,21,10,9,8,7,6,5,4,3,2,1,0,11,22,33;100,101,102,103,104,105,106,95,96,85,74,63,52,41,40,39,38,27,26,25,14;37,36,35,24;20,19,18,17,16,15;28,29,30,31;13,12,23,34
11,0,0,11;93,92,103,102,101,100,89,78,67,56,45,34,23,12;14,13,24,35,46,57,68,79,90;27,16,5,6,7,8,9,10,21,32,43,54,65,76,87,98,109,108,107;120,119,118,117,116,105,94,83,84;97,86,75,64,63,52,41,30,29,28;17,18,19,20,31,42,53;82,81,80,91;48,49,50;72,71,70,69;104,115,114,113,112,111,110,99,88,77,66,55,44,33,22,11,0,1,2,3,4,15,26,25,36,47,58,59,60,61;37,38,39,40,51,62,73,74,85,96,95,106
11,0,0,9;30,41,52,63,74,85,96,95,94,93,92,91,90,79;2,1,0,11,22,33,44,55,66,77,88,99,110,111,112,113,114,115,116,117,118,119,120,109,98,87,76,65,54,43,32,21,10,9;68,57,46,47,48;45,56,67,78,89,100,101,102,103,104,105,106,107,108,97,86,75,64,53,42,31,20,19;70,71,72,61,50,39,28,17,16,5,4,3;27,26,37,36,35,34,23,12,13;6,7,8;24,25,14,15;38,49,60,59,58,69,80,81,82,83,84,73,62,51,40,29,18
11,0,0,8;5,6,17,18,19,20,31,42,41,40,39,50,49,48,47,36,35,24;91,92,93,94,95,96,85,74,63;90,79,80,81,82,83,84,73;7,8,9,10,21,32,43,54,65,76,87,98,109,120,119,118,117,116,115,114,113,112,111,110,99,88;38,37,26,25,14,13,12,23,34,45,56,67,66,77;58,59,60;78,89,100,101,102,103,104,105,106,107,108,97,86,75,64,53,52,51,62,61,72,71,70,69,68,57,46;55,44,33,22,11,0,1,2,3,4,15,16,27,28,29,30
11,0,0,11;35,24,25,14,15,16,17,18,19,20;31,30,29,40,39,38;72,73,74,75;49,60,61,62,63,64,53;48,47,46,57,68,79,90,91,102,103,104,105,106;83,84,85,86,97,108,119,120;58,69,80,81,92,93,94,95,96,107,118,117,116,115,114,113,112,101,100,89,78,67,56,45,34,23,12,13;28,27,26,37,36;82,71,70,59;50,51,52,41,42,43,54,65,76,87,98,109;32,21,10,9,8,7,6,5,4,3,2,1,0,11,22,33,44,55,66,77,88,99,110,111
11,0,0,9;57,58,59,60,61,62,63,64,53,42,31,20,19,18,17,16,15,14,25,36,37,38,39;70,71,72,73,74,75,76,65,54,43,32,21,10,9,8,7,6,5,4,3,2,1,12,23,34,45,56,67,78,79,90;30,41,52,51,50,49,48,47,46;35,24,13;92,103,114,113,112,111,110,99;117,116,115,104,93,94,95,96,97,108;105,106,107,118,119,120,109,98,87,86,85,84,83,82,81,80,69,68;40,29,28,27,26;0,11,22,33,44,55,66,77,88,89,100,101,102,91
11,0,0,12;71,82,81;107,118,119,120,109,98,87,76,65,54,43,32,21,10,9;18,29,30,41,42,53,64,75,86,85,84,95;108,97,96;33,22,11,0,1,2,3,4,5,6,7,8,19,20,31;106,117,116,115,114,113,112,111,100,89,78,67,56;24,25,26,27,38;50,61,62,63;58,57,68,79,90,101,102,103,104,105;110,99,88,77,66,55,44,45,46,47;49,60,59,70,69,80,91,92,93,94,83,72,73,74;52,51,40,39,28,17,16,15,14,13,12,23,34,35,36,37,48
11,0,0,11;82,71,60,49,48,37,36,35,46,57,68,79,90,91;73,84,95;47,58,69,80;61,72,83,94,93,92,81,70,59;32,31,30;109,120,119,118,117,116,115;10,9,8,7,6,5,4,3,2,1,0,11,22,33,44,55,66,77,88,99,110,111,112,113,114,103,104,105,106,107,96,85,74,63,62,51,50,39;108,97,98,87,76,65,54,43,42,41,40,29,28,17,16,15,14,13,12;52,53,64,75,86;38,27,26,25,24,23,34,45,56,67,78,89,100,101,102;18,19,20,21
11,0,0,9;66,77,88,99,100;79,80,91,102,113,114,115,116,117,118,119,120,109,98,87,76,65,54,43,32,21,10,9,8,7,6;23,34,45;93,94,95,96,85,74,63,52,41,30,29,28,27,26,25,24,13,12;38,39,40,51,62,73,84,83,82,81,92,103,104,105,106,107,108,97,86,75,64,53,42,31,20,19,18,17,16,5,4;101,90,89,78,67;60,59,58,47,46;35,36,37,48,49,50,61,72,71,70,69,68,57,56,55,44,33,22,11,0,1,2,3,14,15;110,111,112
11,0,0,10;7,8,9,10,21,32,31,30,41,52,63,74,85,84,83,94,105,104,103,102,101,90,79,68,57,46,35,36,37;93,92,91;120,119,118;117,106,95;24,25,26;110,99,88,77,66,55,44,33,22,11,0,1,2,3,4,5,6,17,28,39,50,61,60,59,70;20,19,18,29,40,51,62,73,72,71,82,81,80,69,58,47,48,49,38,27,16,15,14,13,12,23;108,109,98,87,76,65,54,43;107,96,97,86,75,64,53,42;116,115,114,113,112,111,100,89,78,67,56,45,34
11,0,0,11;57,68,69,70,59,60,61;35,24,13,14,15,16,17,18,19,20;54,53,52,51,50,49,48,37;22,11,0,1,2,3,4,5,6,7,8,9,10,21,32,43,42,41,40,39,38;45,56,67,78,89,90,91;104,105,106,107,108,97,86,75,74;71,72,73,62,63,64,65,76,87,98,109,120,119,118,117,116,115,114,113,112,111,110,99,88,77,66,55,44,33,34,23,12;46,47,58;96,95,94,93,92,103,102,101,100;85,84,83,82,81,80,79;36,25,26,27,28,29,30,31
11,0,0,12;96,95,94,93,92,81,80,79,78,67,56,45;59,70,69,68;12,13,14,15,16,17,18,19,20,31;38,37,36,35,46,57,58;34,33,44,55,66,77,88,89,90,91;27,26,25,24,23,22,11,0,1,2,3,4,5,6,7,8,9,10,21,32,43,54,65,76,87,86,97,108,107,106,105,104,103,102,101,100,99,110;61,50,39,28;60,71,82,83,84,85,74,63,52,51,40,29,30;75,64,53,42,41;47,48,49;111,112,113,114,115,116,117,118,119,120,109,98;72,73,62
11,0,0,10;51,40,39,38,37,36,35;44,33,22,11,0,1,2,3,4,5,6,7,8,9,10,21,32,43,54,65,76,87,98;70,69,68,67;90,101,112;58,57,56,55,66,77,88,99;103,92,81,82,71,60,59;93,94,83,72,61,50,49,48,47,46,45,34,23,24,25,26,27,28,29,30,41,52,63,74,85,96,107,108,109;97,86,75,64,53,42,31,20,19,18,17,16,15,14,13,12;120,119,118,117,116,115,114,113,102,91,80,79,78,89,100,111,110;62,73,84,95,106,105,104
11,0,0,8;20,19,18,29,40,51;52,41,30,31;100,89,78,67,56,45,34,23,12;42,53,64,63,62,61,50,39,28,17,16,15,14,3;47,58,69,80,91,92,93,94,95,96,97,98,109,120;87,76,65,54,43,32,21,10,9,8,7,6,5,4;119,118,117,116,115,114,113,112,111,110,99,88,77,66,55,44,33,22,11,0,1,2,13,24,25,26,27,38,49,60,71,72,73,74;75,86,85,84,83,82,81,70,59,48,37,36,35,46,57,68,79,90,101,102,103,104,105,106,107,108
11,0,0,12;80,79,68,57,46,35,24,25,26,27;40,41,42,53;10,9,8;71,60,61,62;54,65,76,87,98;43,32,21,20,19;117,106,95,84;82,83,72,73,74,85,96,107,118,119,120;31,30,29,18,7,6,5,4,3,2,1,0,11,22,33,44,55,66,77,88,99,110,111,112,113,114,115,116,105,94,93;90,91,92,81,70,59,48,49,50,51,52,63,64,75,86,97,108,109;39,38,37,36,47,58,69;104,103,102,101,100,89,78,67,56,45,34,23,12,13,14,15,16,17,28
11,0,0,10;30,41,42,53,64,63,62,61,60,59,58,57,68,79,90,91,92,103,104,105,106,107,108,97;112,111,110;99,88,77,66,55,44,33,22,11,0,1,2,3,4,5,6,7,8,9,10,21;84,73,74;83,72,71,70;29,40,39,38,37,36,35,34,45,56,67,78,89,100,101;46,47,48,49,50,51,52;102,113,114,115,116,117,118,119,120,109,98,87,76,65,54,43,32,31,20,19,18,17,28,27,26,25,24,23;12,13,14,15,16;75,86,85,96,95,94,93,82,81,80,69
11,0,0,12;71,70,69,80,91,90;120,119,118,117,116,115,104,93,94,95,84;8,9,10,21,32,43;67,56,45,44,33,22,11,0,1,2,3,4,5,6,7,18,19,20,31;108,97,86,75,74,73;55,66,77,88,99,110,111,112,113,114,103,92,81,82,83,72,61,62,63,64;23,34,35,46,47,48;37,36,25,24,13,12;102,101,100,89,78,79,68,57,58,59,60,49,50,51,52,53,54,65,76,87,98,109;85,96,107,106,105;40,39,38,27,26,15,14;16,17,28,29,30,41,42
11,0,0,10;29,18,7,8,9,10,21,32,43,54,65,76,87;52,53,42,31,20,19;91,92,103,114,113,112,111,110,99,88,77,66,55,56,57,46,47,48,49,38,27,16,15,14,25,24;102,101,100,89,78,67,68,69,58,59,60;64,75,86,97,108,107,106;63,74,85,96,95,94,105,116,117,118,119,120,109,98;115,104,93,82,83,84,73,62,51,40,41,30;35,34,23,12,13,2,3,4,5,6,17,28,39,50,61,72,71,70,81,80,79,90;45,44,33,22,11,0,1;26,37,36
11,0,0,13;93,82,83,72,61;113,114,115,116,117,118,119,120,109,98,87,76,65,54,43,32,21,10,9,8;68,69,70,81,92,91;22,11,12,13,14,15,26;95,94,105,104,103,102;0,1,2,3,4,5,6,7,18,19,20;80,79,90,101,112,111,110,99,88,77,66,55,44,33,34,23,24,25,36,37,38,27,16;100,89,78,67,56,45;57,58,59,60,71;96,85,84,73,62,51,50,39;17,28,29,30,31,42,53,64;49,48,47,46,35;40,41,52,63,74,75,86,97,108,107,106
11,0,0,8;72,83,82,81,80;61,62,73,84,95,94,93,92,91,90,79,78,67,56,57,58,59,48;35,24,25,26,27,28,39,50,51,52,41,30,19,8,7,6,5,4,3,2,1,0,11,22,33,44,55,66,77,88,89;40,29,18,17,16,15,14,13,12,23,34,45,46,47;99,100,101,102,103,104,105,106,107,96,85,74,63,64,53,42,31,20,9;36,37,38,49,60,71,70,69,68;10,21,32,43,54,65,76,87,98,109,120,119,118,117,116,115,114,113,112,111,110;108,97,86,75
11,0,0,9;10,21,32,43,54,65,76,87,98,109,120,119,118,117,116,115,114,113,112,111,110,99,88,77,66,55,44,33,22,23,24,35,46,57,58;73,62,51,40,29,18,17,16,15;72,61,50,39,28,27,26;12,13,14,25,36,37,38,49,60;6,5,4,3,2,1,0,11;84,83,82,71,70,59,48,47;19,30,41,52,63,74,85,96,95,94,93,92,81,80,69,68;7,8,9,20,31,42,53,64,75,86,97,108,107,106,105,104,103,102,101,100,89,78,67,56,45,34;91,90,79
11,0,0,12;39,50,61,72,73,84,85,86,75,64,53,42,31,20,19;68,79,90,91;74,63,52,41,30,29,18,17,16,5,4,3,2,1,0,11;37,38,49,60,71;113,112,111,110,99,88,77,66,55,44;83,94,95,96,97;23,12,13,14,15;82,81,80,69,58,57,46,35,24,25,26,27,28;62,51,40;92,93,104,105,106,107,108,109,98,87,76,65,54,43,32,21,10,9,8,7,6;22,33,34,45,56,67,78,89,100,101,102,103,114,115,116,117,118,119,120;36,47,48,59,70
11,0,0,10;23,24,35,36;111,110,99,88,77,66;6,7,8,9,10;55,44,33,22,11,0,1,2,3,4,15,26,37,38,39,40,41;25,14,13,12;34,45,46,47,48,49;5,16,27,28,29,30,31,42,53,64,75,86,97,96,95,94,93,92,91,102,113,114,115,116,117,118,119,120;62,73,72,71,70,69,68,67,78,89,100;17,18,19,20,21,32,43,54,65,76,87,98,109,108,107,106,105,104,103;112,101,90,79,80,81,82,83,84,85,74,63,52,51,50,61,60,59,58,57,56
11,0,0,10;90,79,68,57,46,35,24,25,14,3,2,1,0,11,22,33,44,55,66,77,88,99,110,111,112,113,114,115,116,117,106;65,76,75,74,73,72,61,50;19,18,17,16;120,109,108,97,96,95,94,93;105,104,103,92,81,70,59,48,37;39,28,29,30,31,20;119,118,107;52,41,42;36,47,58,69,80,91,102,101,100,89,78,67,56,45,34,23,12,13;40,51,62,63,64,53,54,43,32,21,10,9,8,7,6,5,4,15,26,27,38,49,60,71,82,83,84,85,86,87,98
11,0,0,9;37,38,39,50;24,35,36,47,48,49,60,61,72;46,57,58,59,70,71,82,83,84,73,62,51,40;107,108,97,86,75,64,53,42,31,20,19,18,17,16,15,14,13,12,23,34,45,56,67,68,69,80,81;114,113,112,111,110,99,88,77,66,55,44,33,22,11,0,1,2,3,4,5,6,7,8,9,10,21,32,43,54,65,76,87,98,109,120,119,118,117;93,94,105;79,78,89,100,101,102;106,95,96,85,74,63,52,41,30,29,28,27,26,25;116,115,104,103,92,91,90
11,0,0,9;89,100,101,102,103,104,105,106,107,108,97,98,87,76,65,54,43,32,21,10,9,8,7;60,59,48,37,36,25,24,23,12;67,66,55,44,45;109,120,119,118,117,116,115,114,113,112,111,110,99,88,77,78,79,90,91,92,93,94,95,96,85,86,75,64,53,42;49,50,39,28,17,6,5,4,3,2,1,0,11,22,33,34,35,46,47,58;31,30,41,52,63,74,73,84,83,82,81,80,69,68,57,56;13,14,15,16;20,19,18,29,40,51,62,61,72,71,70;38,27,26
11,0,0,12;53,52,51,50,49,60,59,58,69,80,79;11,22,33,44,55,66,77,88,99,110,111,112;10,21,20,19,18,17,16,27,26,25,24,23,34,45,56,67,78,89,100,101;15,14,13,12,1,0;116,105,94,95,96,85,86,75;103,92,81,70,71,72,61,62;90,91,102,113,114,115,104,93,82,83,84,73,74,63,64;36,35,46,57,68;32,31,30,29,28;9,8,7,6,5,4,3,2;107,108,97;47,48,37,38,39,40,41,42,43,54,65,76,87,98,109,120,119,118,117,106
11,0,0,11;84,73,62,61,60,59,48,47,46,57,68,67,66,77,88,99,110,111;9,10,21,32,43,54,65,76,87,98,109,120,119,118,117,116,115,114,113,112,101,100,89,78,79,80,81,92;26,15,4,5,6,7,8,19,20;45,34,23;71,72,83,94,105,106,107,108,97,86,75,64,53,42,41,40,39,28;25,14,3,2,1,0;35,36,37,38,27,16,17,18,29,30,31;82,93,104,103,102,91,90;58,69,70;24,13,12,11,22,33,44,55,56;95,96,85,74,63,52,51,50,49
11,0,0,12;76,65,54,43,32,21,10;68,79,90,91,92;12,23,24,25,26,27,28,39,50,61,72,83;57,56,45,34,35,36,37,38,49,60,71;81,80,69,58,47,46;86,87,98,109,120;77,88,99,110,111,112,113,114,115,104,93,82;70,59,48;29,40,51,62,73,84,95,106,107;94,105,116,117,118,119,108,97,96,85,74,63,52,41,30,19,18,17,16,15,14,13;42,53,64,75;31,20,9,8,7,6,5,4,3,2,1,0,11,22,33,44,55,66,67,78,89,100,101,102,103
11,0,0,9;38,39,40,51,62,73,74,85,96;94,93,92,81,70;111,100,89,90,91,102,103,104,105;12,23,34,45,56,67,78,79;47,36,25,14,3,4,5,6,7,8,9,10,21,32,43;27,28,29,30,41,52,63,64,75,86,97,108,107,106,95,84,83,82,71,60,59,58,69,80;110,99,88,77,66,55,44,33,22,11,0,1,2,13,24,35,46,57,68;37,48,49,50,61,72;101,112,113,114,115,116,117,118,119,120,109,98,87,76,65,54,53,42,31,20,19,18,17,16,15,26
11,0,0,8;29,28,27,38,49,60;24,35,46,47,58,69,80,81,92,93,94,95,96,107,118;51,52,53,42,31,20,9,8,7,6,5,4,3,2,1,0,11,22,33,44,55,66,77,88,99,110,111,112,113,114,115,116,117;40,41,30,19,18,17,16,15,26;67,78,89,100,101;39,50,61,62,63,64,65,54,43,32,21,10;120,109,98,87,76,75,74,73,72;119,108,97,86,85,84,83,82,71,70,59,48,37,36,25,14,13,12,23,34,45,56,57,68,79,90,91,102,103,104,105,106
11,0,0,12;5,6,7,8,9,10,21,32,31,30,41,52,63,74,85,96;91,92,81,82;95,94,93;110,99,88,77,66,55,56,57,58,59,60,61,72,83,84;68,67,78,89,100,111,112;42,43,54,65,76,87,98,109,120,119,118,117,116,115;14,13,12,23,34,35,36,37,38,27,16,17,18,19,20;71,70,69,80,79,90,101,102,113,114;73,62,51,40;24,25,26,15,4,3,2,1,0,11,22,33,44,45,46,47,48,49;50,39,28,29;103,104,105,106,107,108,97,86,75,64,53
11,0,0,12;49,60,71,70,69,58,47,36,35,24;50,61,72,83,84;2,1,0,11,22,33,44,55,66,77,88,89,90,91,92,103,104,105,106,107,108,97,86;73,62,63,52,53,42,31,20,19;46,57,68;99,110,111,112,113,114,115,116,117,118,119,120,109,98,87,76;41,30,29,18,17,16,15,26;74,75,64,65,54,43,32,21,10,9,8,7,6,5,4,3;25,14,13,12,23,34,45,56,67,78,79,80,81,82,93,94,95,96,85;39,40,51;28,27,38,37,48,59;100,101,102
11,0,0,11;58,57,68,79,90;70,81,92,93;29,30,41,52,63,74,85,96,107,108;97,86,75,64,53,42,31,20,19,18;100,89,78,67,56;104,103,102,101,112,111,110,99,88,77,66,55;82,71,60,59,48,37,36,35,24;117,118,119,120,109,98,87,76,65,54,43,32,21,10,9,8,7,6,5,4,3,2,1,0,11,22,33,44,45,46,47;69,80,91;94,83,72,61,50,49,38,27,26,25;34,23,12,13,14,15,16,17,28,39,40,51,62,73,84,95,106,105,116,115,114,113
11,0,0,8;2,1,0,11,22,33,44,55,56,57,68,79,78,89,100,101,102,103,104,93,82;107,108,97,86,75,64,63,52,41,30,29,28,27,38,37,48,47,46,45,34,23,12;24,13,14,3,4,5,6,7,18,19,20,31,42,53,54,65,76,87,98,109,120,119,118,117,106,95,96,85,74,73;8,9,10,21,32,43;84,83,94,105,116,115,114,113,112,111,110,99,88,77,66,67;90,91,92,81,70,71,72,61,62,51,40;39,50,49,60,59,58,69,80;35,36,25,26,15,16,17
11,0,0,12;40,41,30,19,20;69,80,81;74,85,96,95;83,72,61,60,49,48;28,29,18;31,32,21,10,9,8,7,6,5,4,3,2,1,0,11,22,33,44,55,66,77,88,99,110,111,112,113,114,115,116,105,106,107,108,97,86,75,64;15,14,13,12,23,34,45,56,67,78,89,100,101,102,103,104,93,94;17,16,27,38,37,36,47,58,59,70,71,82;26,25,24,35,46,57,68,79,90,91,92;84,73,62,63;43,54,65,76,87,98,109,120,119,118,117;39,50,51,52,53,42
11,0,0,9;108,107,106,105,104;80,69,58,47,36,25,14,15,16,17,18,19,20,31,42,43,54,65,76,87,98,109,120,119,118,117,116,115,114,113,112,111,110,99,88,77,66,55,44,33,22,11,0;32,21,10,9,8,7,6,5,4,3,2,13,24;39,50,61;103,102,101,100,89,78,67,56,45;35,46,57,68,79,90,91,92,93,94,95,96,97,86,75,64,53,52,51,40;1,12,23,34;62,73,72,71,60,49,38;63,74,85,84,83,82,81,70,59,48,37,26,27,28,29,30,41
11,0,0,8;47,48,49,50,61;94,95,96;101,100,89,78,79,80,81;46,57,58,59,60;92,103,114,115,116,117,118,119,120,109,98,87,76,65,54,43,32,21,10,9,8,7,6,5,4,3,14,25,36,37,38,39,40,51,62,73,72,71,70,69,68,67,56,45,34,23,12;90,91,102,113,112,111,110,99,88,77,66,55,44,33,22,11,0,1,2,13,24,35;86,75,64,53,42,31,20,19,18,17,16,15,26;27,28,29,30,41,52,63,74,85,84,83,82,93,104,105,106,107,108,97
11,0,0,10;71,82,83,94,105,116,115,114,113,112,111,110,99,88;101,102,103,104,93;61,60,59,70,69,68,57,46,45,34,23,12;108,97,86,87,76,65,54,43,32,21,20,19,18,17,16,15;100,89,90,91,92;81,80,79,78,67,56;51,50,49,48,47,58;10,9,8,7,6,5,4,3,14,25,26,27,28,29,30,31,42,53,64,75,74,85,96,107;72,73,84,95,106,117,118,119,120,109,98;77,66,55,44,33,22,11,0,1,2,13,24,35,36,37,38,39,40,41,52,63,62
11,0,0,12;107,106,105,104,93,92,91,90,89,78;63,52,51,40,29,28,27,26;100,101,102,103;58,47,36;49,60,71,72,73,74,85,86;75,64,53,42,41,30;67,56,45,34,23,12,13;69,70,59,48,37,38,39,50,61,62;6,7,8,9,10,21;84,83,82,81,80,79,68,57,46,35,24,25,14,15,16,17;94,95,96,97,108;5,4,3,2,1,0,11,22,33,44,55,66,77,88,99,110,111,112,113,114,115,116,117,118,119,120,109,98,87,76,65,54,43,32,31,20,19,18
11,0,0,11;32,21,10,9,8;47,46,35,24,13;100,89,90,91,92,93,94;55,44,33,22,11,0;49,50,61,72,71,70,69,68,67,66,77,88,99,110,111,112,113,114,115,116,117,118,119,120,109,98;60,59,58,57,56,45,34,23,12,1,2,3,4,5,6,7,18,19,20,31,42,43,54,65,76,87;38,39,40,51,62,73,84,83,82,81,80,79,78;14,25,36;101,102,103,104,105,106,107,108,97,86,75,64,53,52,41,30,29,28,27,26,37,48;95,96,85,74,63;15,16,17
11,0,0,10;27,38,49,60,71,82,81;70,59,48,37;22,23,12,13,14,3,4,5,6,7,8,9,10,21,32,43,54,53,52,41,30,29,28,39,50,61,72,73,74,75;90,79,68,57,46,47,36;96,85,84,83;97,86,87,76,65,64,63,62,51,40;42,31,20,19,18,17,16,15,26,25,24,35,34,45,56,67,78,89,100,101,102,103,104,105;108,107,106,95,94,93,92,91,80,69,58;11,0,1,2;98,109,120,119,118,117,116,115,114,113,112,111,110,99,88,77,66,55,44,33
11,0,0,12;52,63,64,75,86,97,96,95,84,83;106,107,108,109,98,87,76,65,54,53,42,31,20,19,18,17,6,5,4,3,2,1,0,11,22;85,74,73,62;103,92,91,90,89,88,99,110,111,112;39,38,49,60;41,30,29,28,27,16,15,14,13,12,23;78,77,66,55,44,33,34,35,24,25,26,37,48,59,58,69;120,119,118,117,116,105,94;70,71,72,61,50,51,40;67,56,45;36,47,46,57,68,79,80,81,82,93,104,115,114,113,102,101,100;7,8,9,10,21,32,43
11,0,0,12;74,75,86,97,108,107,106,105,104,103,102,101,100;70,71,82,93,92,91;11,0,1,2,3,4,5,6,7,8,9,10,21,32,43,54,65,76,87,98,109,120,119,118,117,116,115,114,113,112,111,110,99,88,77,66,55,56,57;30,29,18;22,33,44,45,46;96,95,94,83,72,61,60,59,58,69,68,67,78;89,90,79,80,81;23,12,13,14,15,16,17,28;63,52,41,40,39,38,37;64,53,42,31,20,19;27,26,25,24;85,84,73,62,51,50,49,48,47,36,35,34
11,0,0,8;42,53,64,75,86,97,108,107,106,105,104,103,102,101,100,99,88,77,66,55,44,33,22,11,0,1,2,3,4,5,6,17,28,39,38,37,36,47,46;110,111,112,113,114,115,116,117,118,119,120,109,98,87,76,65,54,43;35,24,25,26,27;57,56,45,34,23,12,13,14,15,16;72,71,70,69,58;7,8,9,10,21,32,31,30,41,52,63,74,85,96,95,94,93,92,91,90,89,78,67,68;49,50,51,40,29,18,19,20;48,59,60,61,62,73,84,83,82,81,80,79
11,0,0,12;36,47,58,57,68,79,90;84,85,96,107;106,95,94,83,72,61,50,51,52,63;34,23,12,13,14,15,16,17,28,29,30,31,20;62,73,74,75,86,97,108;39,40,41,42,53,64,65,76,87,98,109,120,119,118,117,116,105,104,93,92;18,19,8,9,10,21,32,43,54;103,102,91,80,69,70,59,48,37;7,6,5;101,100,89,78,67,56,45,46,35,24,25,26,27,38,49,60,71,82,81;115,114,113;4,3,2,1,0,11,22,33,44,55,66,77,88,99,110,111,112
11,0,0,12;59,60,49,38,27,28,29;45,56,67,78,89;105,94,83,84,73,62,51,52,41,30;118,119,120,109,98,87,76,65,64,53,42,31,20,19;1,0,11,22,33,44,55,66,77,88,99,110,111,112,113,114,103,92,81,70;100,101,102,91,80,69,58,47,48,37,26;18,17,16,15,14,3,2;95,96,85,74,63;75,86,97,108,107,106,117,116,115,104,93,82,71,72,61,50,39,40;12,23,34,35,46,57,68,79,90;36,25,24,13;54,43,32,21,10,9,8,7,6,5,4
11,0,0,9;16,17,18,19,20,31,42,53,64,75;50,39,28,27,26,25,24,35,46;83,94,93,92,91,90,89,78,67,68,69;82,81,80,79;120,109,98,87,76,65,54,43,32,21,10,9,8,7,6,5,4,3,2,1,0,11,22,33,44,55,66,77,88,99,100,101,102,103,104,105,106,95,84,73,72,71,70,59,48,37;15,14,13,12,23,34,45,56,57,58,47,36;38,49,60,61,62,51,40,29;30,41,52,63,74,85,96,107;86,97,108,119,118,117,116,115,114,113,112,111,110
11,0,0,12;0,1,2;14,15,26,37,48,49,50,61,72,83;16,17,28,29;99,88,77,66,55,44;96,107,106,105,104,103,102,91,80,69,58,47,36,25,24,13,12,11,22,33;92,81,70,59,60;108,97,86,75,64,53,42,31,20,19,18,7,6,5,4,3;90,101,112,113,114,115,116,117,118,119,120,109,98,87,76,65,54,43,32,21,10,9,8;71,82,93,94,95,84,85,74,63,52,41,30;79,68,57,46,35,34,23;45,56,67,78,89,100,111,110;27,38,39,40,51,62,73
11,0,0,9;100,101,102,103,104,105,106,107,108,97,86,75,64,53,42,31,30,29,28,27,26,37,48;67,68,69,70;59,60,71;34,23,12,1,2,3,4,5,6,7,8,9,10;25,36,47,58,57,56,55,66;38,39,40,41,52,63,74,85,96,95,94,93,92,91,90,89;51,62,73,84;49,50,61,72,83,82,81,80,79,78,77,88,99,110,111,112,113,114,115,116,117,118,119,120,109,98,87,76,65,54,43,32,21,20,19,18,17,16,15,14,13,24,35;46,45,44,33,22,11,0
11,0,0,10;103,102,91,80,81;114,113,112,101,90;67,66,77,88,99,110,111;85,86,97,108,107,106,105,94,93,92;58,59,60,61,72,73,74,75,76,87,98,109,120,119,118,117,116,115,104;12,23,34,45,46,47,48,49,50,51,52,41,30,19,8,7,6,5,4,3,14,25,26,27,28;20,31,42,53,64,63,62;57,56,55,44,33,22,11,0,1,2,13,24,35,36,37,38,39,40,29,18,17,16,15;100,89,78,79,68,69,70,71,82,83,84,95,96;65,54,43,32,21,10,9
11,0,0,9;97,96,95,94,93,92,91,80,69,58,57,46,35;26,37,38,49,50,61,62,63,64,53,42,41,30,29,18,7,6,5,4,3,2,1,0;70,81,82,83,84,85,86,75;78,89,100;27,28,39,40,51,52;120,119,108,107,106,105,104,103,102,101,90,79,68,67,56,45,34,23,24,25,36,47,48,59,60,71,72,73,74;17,16,15,14,13,12,11,22,33,44,55,66,77,88,99,110,111,112,113,114,115,116,117,118;8,9,10,21;109,98,87,76,65,54,43,32,31,20,19
11,0,0,10;93,82,71,60,59,48,37,26,25,24;19,20,31,42,53,64,75,86,97,108;107,96,85;46,45,56,67,78;57,68,79,90,89;74,63,52,41,30,29,18,7,8,9,10,21,32,43,54,65,76,87,98,109,120,119,118,117,116,115,114,113,112,111,110,99,88,77,66,55,44,33,34,35,36;47,58,69,70,81,92,103,104,105,106,95,84,73;94,83,72,61,62,51,40,39,28,17,6,5,4,3,2,1,0,11,22,23;12,13,14,15,16,27,38,49,50;100,101,102,91,80
11,0,0,10;57,68,69,80,81;75,64,63,52,41,30,29,28,17,16,15;50,39,38,27,26,25,14,3,4,5,6,7,8,9,10,21,32,43;18,19,20,31,42,53,54,65,76,87,86;34,45,56,67,78,79,90,91,92;120,109,108,107,106,105,94,93,82,71,70,59,58,47,46;119,118,117,116,115,114,113,112,111,110,99,88,77,66,55,44,33,22,23,12;104,103,102,101,100,89;98,97,96,85,74,73,62,51,40;11,0,1,2,13,24,35,36,37,48,49,60,61,72,83,84,95
11,0,0,11;83,94,95,106,107;48,59,70,81,92,103,114,115,116,117,118;61,72,73,74,75,76,65,54,43,32,21,10,9,8,7,6,5,16,15,14,25,24,35,46,57,68,79,78,89;120,109,98,87,86,85,84;102,113,112,111,110;42,31,20,19,18,29,40,39,38;30,41,52,53;4,3,2,1,0,11,22,33,44,55;64,63,62,51,50,49,60,71,82,93,104,105;13,12,23,34,45,56,67,66,77,88,99,100,101,90,91,80,69,58,47,36,37,26,27,28,17;119,108,97,96
11,0,0,12;51,52,63,64,75,86,97,108,109,120;84,95,106,117,116,115,114,113,112,111;36,37,38,39,50;57,68,69,80,81,92;83,94,105;89,88,77,66,55,44,33,22,11,0,1,2,3,4,5,6,7,8,9,10,21,32,43;62,73,74,85,96,107,118,119;46,35,24,25,26,27,28,29,40,41;30,19,18,17,16,15,14,13,12,23,34,45,56,67,78,79,90,101,100,99,110;20,31,42,53,54,65,76,87,98;47,48,49,60,61,72;91,102,103,104,93,82,71,70,59,58
11,0,0,10;20,31,30,29,28,27,26,25;97,108,107,106,95,84,83,82,81,80,79;104,115,114,113,112,111,110;0,11,22,33,44,55,66,77,88,99,100,101,102,103;96,85,86,75,64,63,62,61,60,59,58,57,56,45,34,23,12,1,2,3,4,5,6,7,8,9,10,21,32,43,42,41,40,39;19,18,17,16,15,14,13,24,35,46,47,48,49;53,52,51,50;38,37,36;68,67,78,89,90,91,92,93,94,105,116,117,118,119,120,109,98,87,76,65,54;74,73,72,71,70,69
11,0,0,10;108,107,106,95,84,83,72;104,103,92,91,90,79,78,67;76,65,54,43,32,21,10,9,8,7,6,5,4,3,2,1,12,23,34,45,56;80,69,58,47,36,25,26,27,28,29,30,31,42,53,64,75,86,87;98,97,96,85,74,63,52,51,50,49,48,59,70,81,82,93,94,105;99,110,111,112,113,114,115,116,117,118,119,120,109;20,19,18,17,16,15,14,13,24,35,46,57,68;0,11,22,33,44,55,66,77,88,89,100,101,102;41,40,39,38,37;71,60,61,62,73
11,0,0,12;32,21,10,9,8,7,6,5,4,3,2,1,0,11,22,33,44,55,56,57,58;69,70,59,48,37,38,39,40,51,52,53,54,43;79,80,81,82,71,60,49,50;120,119,118;24,35,46;64,75,86,97,108,109;42,41,30,29,28,27,26,25,36,47;31,20,19,18,17,16,15,14,13,12,23,34,45;73,84,95;105,104,103,102,101,100,99,88,77,66,67,68;65,76,87,98;78,89,90,91,92,93,94,83,72,61,62,63,74,85,96,107,106,117,116,115,114,113,112,111,110
