5,0,0,4;0,1,6,11,16;23,24,19,14,9,4;3,2,7,12,17,22,21,20,15,10,5;18,13,8
6,0,0,5;31,30,24;14,13,12,6,0,1,2,3,4,5,11,17,23,22,28,27;29,35,34,33,32,26,25,19,18;7,8,9,10;16,15,21,20
7,0,0,7;42,35,28,21,14,15,8;30,37,44;43,36,29,22,23,16;48,41,40,39,32,25,18,17;7,0,1,2,3,4,5,6,13,20,27;47,46,45,38,31,24;9,10,11,12,19,26,33,34
8,0,0,7;25,33,41,49;52,53,54;0,8,16;17,18,10,11,12,13,14,22,30,29,37;19,20,21;24,32,40,48,56,57,58,50,42,34,26,27,28,36,44,45,46,38,39,31,23,15,7,6,5,4,3,2,1,9;47,55,63,62,61,60,59,51,43,35
9,0,0,9;70,61,52,43,34;37,46,55,56,57,48;10,19,28,27,36,45,54,63,72,73,74,75,76,77,78,79,80,71,62,53,44,35,26,17,8,7,6,5,4,13,22;58,49,50,51,60,69;16,15,14,23,32,31;1,0,9,18;59,68,67,66,65,64;2,11,20,29,38,47;3,12,21,30,39,40,41,42,33,24,25
8,0,0,7;10,11,19,27,35,43,42,41,49,57;28,36,44,52,51,50;0,8,16,24,25;62,63,55,47;54,46,38,39,31,23,15,7,6,5,13,21,20;56,48,40,32,33,34,26,18,17,9,1,2,3,4,12;14,22,30,29,37,45,53,61,60,59,58
7,0,0,7;45,46,47,48,41,34,27,20,13,6;44,43,42,35,28,21,14;9,16,23,30;10,17,24,31,38,37,36,29,22,15,8,7;0,1,2,3,4,11,18,25,32,39;26,33,40;5,12,19
6,0,0,6;31,25,26,27;12,13,14,15,16,22,28,34,33,32;21,20,19,18,24,30;7,8,9,10;2,1,0,6;35,29,23,17,11,5,4,3
5,0,0,4;4,3,8,7,6,11,16;2,1,0,5,10,15,20,21,22,23,24;17,18,19;12,13,14,9
6,0,0,5;35,29,28,22,16,10;7,8,14,20;26,25,19,13,12,6,0,1,2;32,31,30,24,18;34,33,27,21,15,9,3,4,5,11,17,23
7,0,0,5;13,12,11,18,25,32,39,38,37;36,29,30,31,24,17,10,3,4,5,6;48,41,34,27;23,16,9,2,1,0,7,14,21,28,35,42,43,44,45,46,47,40,33,26,19,20;8,15,22
8,0,0,8;53,52,51,50,42,34;22,23,31,39,47,55,63,62,61,60,59,58,57,56,48,40;44,43,35,27,26,25;19,11,10,2,1,0,8,16,24,32,33,41,49;18,17,9;7,15,14,13,12,20,28,36,37,45,46,54;6,5,4,3;21,29,30,38
9,0,0,7;4,13,12,11,10,19,28,37,46,55,64,65,66,57,48,39;5,14,23,22,21,20,29,38,47,56;8,17,26,35,44,53,62,71,80,79,78,77,76,75,74,73,72,63,54,45,36,27,18,9,0,1,2,3;59,58,49,40,31,30;6,15,24,33,42,43,52,61,70,69,68,67;7,16,25,34;32,41,50,51,60
8,0,0,6;12,13,21;34,42,43,44,45,46;7,15,23,31,39,47,55,63,62,61,60,59,58,57,56,48,40,32,24,16,8,0,1,2,10,18,19,20;26,27,35,36,37,38;11,3,4,5,6,14,22,30,29,28;54,53,52,51,50,49,41,33,25,17,9
7,0,0,7;3,2,1,8,15,22;10,9,16,23,30,29,28;42,43,44,45,46,47,48,41,34,27,26,25,18,11,4,5,6,13;20,19,12;0,7,14,21;17,24,31,32,33;35,36,37,38,39,40
6,0,0,7;35,34,28;30,31,32,33;10,11,17,23,29;21,27,26,25,24;12,13,7,8,9,15,16,22;14,20,19,18;5,4,3,2,1,0,6
5,0,0,4;8,13,12;7,6,11,16,17,18,23;24,19,14;9,4,3,2,1,0,5,10,15,20,21,22
6,0,0,5;2,8,14,15,16,10;22,21,20,19,25;35,34,33;1,7,13;9,3,4,5,11,17,23,29,28,27,26,32,31,30,24,18,12,6,0
7,0,0,6;1,0,7,14,21;28,29,22,15,8,9,10,11,12,19,26,27,34,41,48,47;39,38,31,24;20,13,6,5,4,3,2;35,42,43,44,45,46;40,33,32,25,18,17,16,23,30,37,36
8,0,0,7;60,61,62,63,55,47,39,31,23,15,7,6,5,4,3,2,1,0,8,16,24,32,40,48,56,57,58;54,53,52,51,59;49,41,33,34,35,36;28,27,26,18,10;50,42,43,44,45,46,38,30,22,14,13,12,11;37,29,21,20,19;9,17,25
9,0,0,8;54,63,72,73,74,75;7,6,5,4,3,2,1,0,9,18,19,20,21,22;39,40,41,42,33,34;70,61,52,43;37,38,47,56,57,58,67,76;10,11,12,13,14,15,16,17,8;77,68,59;66,65,64,55,46,45,36,27,28,29,30,31,32,23,24,25,26,35,44,53,62,71,80,79,78,69,60,51,50,49,48
8,0,0,8;36,44,52,53,54;30,22,14,6,5,4,3,2,1,0;56,48,49,50,42,34,26,27,28;32,24,16,8,9,10,11,12,13;18,17,25,33,41,40;38,39,31,23,15,7;35,43,51,59,58,57;60,61,62,63,55,47,46,45,37,29,21,20,19
7,0,0,5;24,17,18,11,12;33,40,39,38,37;35,28,21,14,7,0,1,2,3,4,5,6,13,20,27,34,41,48,47,46,45,44;19,26,25,32,31,30,23,16;10,9,8,15,22,29,36,43,42
6,0,0,5;25,26,27,28;1,7,13,19,20,21,22,16;0,6,12,18,24,30,31,32,33,34,35,29,23,17,11,5,4;3,2,8;10,9,15,14
5,0,0,4;21,22,23,18,13,8,3,2,1,0,5,10,11;16,15,20;17,12,7,6;24,19,14,9,4
6,0,0,4;10,16,22,28,34,33;35,29,23,17,11,5,4,3,2,1,7,13,19,25;0,6,12,18,24,30,31,32,26,20,14,8;9,15,21,27
7,0,0,5;18,25,32,39,46,47,48,41,34,27,20,13,6,5,4,3,2,1,0,7,14,21,28,35,42,43;15,22,29,36,37;16,23,30;17,24,31,38,45,44;40,33,26,19,12,11,10,9,8
8,0,0,7;33,25,26,18,19,20,21;45,44,43,42;27,28,29,30,22,14;13,12,11,10,9,17;41,40,32,24,16,8,0,1,2,3,4,5,6,7,15,23,31,39,47,55,63,62,61,60,59,58,57,56;38,46,54,53,52,51,50,49,48;37,36,35,34
9,0,0,7;54,63,72,73,74,65,66,67,68,69,60,51,42,33,32,31,22;16,15,14,13,12,21,30,39;70,61,52,43,34,25,24,23;37,38,29,20,11;41,50,59,58,57,56,55,64;75,76,77,78,79,80,71,62,53,44,35,26,17,8,7,6,5,4,3,2,1,0,9,18;40,49,48,47,46,45,36,27,28,19,10
8,0,0,7;48,56,57,58,59,60,61,62,63,55,47,39,31,23,15,7,6,5,4;19,18,10;13,21,29,28,27,26,25;35,36,37,45;8,0,1,2,3,11,12,20;9,17,16,24,32,40,41,49,50,51;33,34,42,43,44,52,53,54,46,38,30,22,14
7,0,0,6;30,31,32,33;25,26,19,12,11,10;40,39,38,37,36,29,22;7,0,1,2,9,16;3,4,5,6,13,20,27,34,41,48,47,46,45,44,43,42,35,28,21,14,15,8;23,24,17,18
6,0,0,5;6,0,1,2,3,4,5,11,17,23,29,35,34,33;15,21,27,26,32,31,30;19,20,14;16,22,28;25,24,18,12,13,7,8,9,10
5,0,0,5;20,21,22,17,12;4,9,14,19,24,23;18,13,8,3;7,6,11,16;2,1,0,5,10,15
6,0,0,6;24,30,31,32,33,34,35,29,23,17,11,5;9,15,16,22;2,8,14,20,21;18,12,6,0;1,7,13,19,25,26,27,28;3,4,10
7,0,0,5;24,31,32,33,34;36,29,22,15,8;26,19,12,11,10,9,16,23,30,37,38,39,40,41,48;47,46,45,44,43,42,35,28,21,14,7,0,1,2,3,4,5,6,13,20,27;25,18,17
8,0,0,8;44,36,37,29,21,13,14;57,56,48,40,32,24,16,8,0,1,2,3;55,54,53,52,51,43,35,27,28,20;34,42,50,58,59,60,61,62,63;19,11,12,4,5,6,7,15,23,31,39,47;22,30,38,46,45;26,18,10,9;49,41,33,25,17
9,0,0,7;33,42,41,50,59,68,77,76,75,74,73,72,63,54,45;12,11,10,19,28;27,18,9,0,1,2,3,4,5,6,7,8,17,26,35,44,53,62,61,70;29,20,21,22,13,14,15,16;38,47,56;67,58,49,40,31,32,23,24,25,34,43,52,51,60,69,78,79,80,71;30,39,48,57,66,65,64,55,46,37,36
8,0,0,9;56,48,49,41,42;15,7,6,5,13,21,29,30;44,36,28;61,62,54,46,38;57,58,50,51,43,35,27,19,20,12,4,3,2,1,0,8,16,24,32,40;59,60,52,53,45,37;63,55,47,39,31,23,22,14;11,10,9,17,25;18,26,34,33
7,0,0,7;13,6,5,4,3,2,1,0,7,14,21,28,35,42,43;26,25,18,17,16,15;8,9,10,11,12,19,20,27,34;47,46,39;45,44,37,36,29,22,23,24;32,33,40,41,48;38,31,30
6,0,0,4;13,14,15,16,17,11,5,4,3,2,1,0;24,18,12,6,7,8,9,10;28,27,26,25;30,31,32,33,34,35,29,23,22,21,20,19
5,0,0,4;18,17,22,21,20,15,10,5,0,1,2,3;16,11,12;4,9,14,19,24,23;6,7,8,13
6,0,0,5;34,35,29,23,17,16,10,9,8,7,13;31,32,33,27;28,22,21,15,14;11,5,4,3,2,1,0,6,12,18,19,20;30,24,25,26
7,0,0,6;10,9,8,7,0;37,44,45,46,47,48,41,34,27,20,13,6,5,4,11,18;1,2,3;30,31,38,39,40,33,26,19,12;35,28,21,14,15,16,17;32,25,24,23,22,29,36,43,42
8,0,0,6;49,41,42;7,6,5,4,3,2,1,0,8,16,24,32,40,48,56,57,58,59,60,61,62,63,55,47,39,38;46,45,44,43,35,27,28,20,21,22;26,18,19;34,33,25,17,9,10,11,12,13,14,15,23,31,30,29,37,36;54,53,52,51,50
9,0,0,7;54,63,72,73,74,75,76,77,78,79,80;24,25,34,43,52,51,50,49,48,47,46,45,36,27,18,9,0,1,2,11,20,29,30,31,22,13;7,8,17,26,35,44,53,62,61,60,59,58,57,56;10,19,28,37,38,39,40,41;14,23,32,33,42;21,12,3,4,5,6,15,16;71,70,69,68,67,66,65,64,55
8,0,0,8;33,34,26,27,28;12,4,5,6,7,15,23,31,39,47,55,63,62,61,60,59,58,57,56;36,35,43,42,41;38,46,54,53,52,51,50,49;48,40,32,24,16,8,0,1,2,3,11;21,20,19,18,10;13,14,22,30,29,37,45,44;25,17,9
7,0,0,6;30,23,16,15,14,21,28,35,42,43,44,45,46,47,48,41,34,27;8,9,10,17,24;13,20,19,26,33,40,39;36,29,22;6,5,4,3,2,1,0,7;12,11,18,25,32,31,38,37
6,0,0,5;15,21,20;30,31,25,19,13,7;32,33,34,35,29,23,17,11,5,4,3;2,1,0,6,12,18,24;26,27,28,22,16,10,9,8,14
5,0,0,4;4,3,2,1;13,18,17,16;12,11,10,15,20,21,22,23,24,19,14;0,5,6,7,8,9
6,0,0,3;0,6,12,18,24,30,31,32,33,34,35,29,23,17,11,5,4,3,2,8,14,15;1,7,13,19,20,21;25,26,27,28,22,16,10,9
7,0,0,7;24,25,32,39,46,45,44,43,42,35,28,29,22,15,8,1,2;5,12,19,26,33,40;30,23,16,9,10,3,4;36,37,38,31;6,13,20,27,34,41,48,47;21,14,7,0;17,18,11
8,0,0,7;46,45,44,43,35;49,41,33;54,53,52,51,50,42,34;13,12,11,10,9,17,25,26,27;18,19,20,21,22,14;28,29,30,31,23,15;7,6,5,4,3,2,1,0,8,16,24,32,40,48,56,57,58,59,60,61,62,63,55,47,39,38,37,36
9,0,0,7;54,55,56,57,48,49,40;29,20,21,22,23,14,15,16,25,34,43,52,61,62;58,59,50,41,32,31,30,39,38,47,46,45,36,27,18,9,0,1,2,3,4,5,6,7,8,17,26,35,44,53;63,72,73,74,75,76,77,78,79,80;64,65,66,67,68,69,70,71;13,12,11,10,19,28,37;24,33,42,51,60
8,0,0,7;46,54,53,52,51,50,49,48,40,32,24;20,21,22;9,10,18,26;34,35,36;28,29,30,31,23,15,7,6,5,4,3,2,1,0,8,16,17,25,33,41,42;27,19,11,12,13,14;56,57,58,59,60,61,62,63,55,47,39,38,37,45,44,43
7,0,0,7;4,5,6,13;11,18,25,26,27,34;33,32,31,24,17,10,3;47,46,45,44,43,42,35,28,21,14,7,0,1,2;12,19,20;48,41,40,39,38,37,36,29,22,15,8;30,23,16,9
6,0,0,5;33,34,35,29;27,26,20,14,8,9;32,31,30,24,18,12,6,0,1,2,3,4,5,11,17,23,22,28;10,16,15,21;25,19,13,7
5,0,0,3;13,12,11,6;3,4,9,14,19,24,23,22,21,20;18,17,16,15,10,5,0,1,2,7,8
6,0,0,5;35,29,23;22,16,17,11,5,4,3,2,1,0,6,12,18,24,30;34,33,32,26,20;10,9,8,7,13,19,25,31;28,27,21,15,14
7,0,0,7;47,48,41,34,27,20;30,31,32,33,26,19;44,43,42,35,28,21,14,7,0,1;2,9,8,15,22,29,36,37,38,45;13,6,5,4,3,10,17,16;12,11,18,25,24,23;40,39,46
8,0,0,5;17,18,10,11,12,13,14,22,30,38,46,54,53,52,51,50;0,8,16,24,25,26,27,19,20,21;9,1,2,3;4,5,6,7,15,23,31,39,47,55,63,62,61,60,59,58,57,56,48,40,32,33,34,35,36,28,29;49,41,42,43,44,45,37
9,0,0,9;37,28,27,18,9,0,1,2,11,12,21,30,31,40,49,58,67,66,65,64;36,45,46,47;3,4,5,14,15,16;52,43,34;10,19,20,29,38,39,48,57,56,55,54,63,72,73,74,75,76,77,68,59,50,41;17,8,7,6;80,79,78;13,22,23,24,25,26,35,44,53,62,61;71,70,69,60,51,42,33,32
8,0,0,7;53,45,37;52,44,36,28,29,30,31,39,47,55,63;14,13,12,11;22,21,20,19;42,34,26,18,10,2,1,0,8,16,24,32,40,48,56,57,58,59,60,61,62,54,46,38;27,35,43,51,50,49,41,33,25,17,9;23,15,7,6,5,4,3
7,0,0,6;32,33,26,19;24,25,18,11,12,13,20,27,34,41,40,39;6,5,4,3,10,17,16,23,30,31;9,8,15,22,29,36,37;48,47,46;38,45,44,43,42,35,28,21,14,7,0,1,2
6,0,0,6;35,34,33,32;28,29,23,17,11,10,9,8,2,1,0,6,12,18,24,30,31;5,4,3;27,21,20,14,13,7;26,25,19;15,16,22
5,0,0,4;20,15,16,17,18;5,10,11,12,13;4,3,2;21,22,23,24,19,14,9,8,7,6,1,0
6,0,0,5;28,27,26,20,19,13,7;34,33,32,31,25;8,14,15,21,22;11,5,4,3,2,1,0,6,12,18,24,30;9,10,16,17,23,29,35
7,0,0,6;45,46,47,48,41,34,27,20,13,6,5,4,3,2,1;0,7,8,9,10,11,12,19,26;40,39,38,31;16,17,18;36,29,22;33,32,25,24,23,30,37,44,43,42,35,28,21,14,15
8,0,0,7;49,41,42,43,44,45,46;36,37,29,21,20,19,18,26;28,27,35,34,33,25,17,9,10,11,12,13,14,22,30,38;58,57,56,48;63,55,47,39,31,23,15,7,6,5,4,3,2,1,0,8,16,24,32,40;62,54,53,52;50,51,59,60,61
9,0,0,9;75,76,77,68,69,70;48,49,40,31,22,13,12,11,10;15,14,23,32,41;50,51,42,33,24,25,16;29,28,37,46,55,64;66,67,58,59,60,61,52,43,34;27,36,45,54,63,72,73,74,65,56,57;20,19,18,9,0,1,2,3,4,5,6,7,8,17,26,35,44,53,62,71,80,79,78;21,30,39,38,47
8,0,0,8;41,40,48,56,57,58,59,60,61,62,63,55,47,39;28,20,19,18;49,50,42,34,33,32,24,16,8,0,1,2,3,4;30,31,23;15,14,22,21,29;45,44,43,51;52,53,54,46,38,37;7,6,5,13,12,11,10,9,17,25,26,27,35,36
7,0,0,6;24,23,16;34,41,48,47,46,45;31,30,37,44,43,42,35,28,21,14,7,0,1,2,3,4,5,6,13,20;17,18,25,32;27,26,33,40,39,38;36,29,22,15,8,9,10,11,12,19
6,0,0,4;20,14,15,16,22,28,34,33;35,29,23,17,11,5,4,3,2,1,0,6,12,18;24,30,31,32,26,27,21;10,9,8,7,13,19,25
5,0,0,4;2,3,8,13,12,11;1,6,7;4,9,14,19,18,17,16;0,5,10,15,20,21,22,23,24
6,0,0,5;30,24,18,12,6,0,1,2,8,9,10;35,29,28,27,26;3,4,5,11,17,23;16,15,14,13,7;22,21,20,19,25,31,32,33,34
7,0,0,6;6,13,20,27,34;9,16,23,30;8,15,22,29,36,37,38,31,24,17,10;2,1,0,7,14,21,28,35,42,43,44,45;48,47,46,39,32,25,18,11;41,40,33,26,19,12,5,4,3
8,0,0,7;42,34,35,36;29,21,13,12,11,10,9,17;60,52,53,54,46,47,39,31,23,15,7,6,5,4,3,2,1,0,8,16,24,32;28,27,26,25,33,41,49,50,51,43,44,45,37,38,30,22,14;61,62,63,55;20,19,18;40,48,56,57,58,59
9,0,0,9;15,14,13,12,11,10,19,28,37,46,55,64;53,62,71,80,79,78,77,68,67,66;32,23,24;33,34,25,16;30,39,48,57;49,50,51,52,61;70,69,60,59,58;43,42,41,40,31,22,21,20,29,38,47,56,65;44,35,26,17,8,7,6,5,4,3,2,1,0,9,18,27,36,45,54,63,72,73,74,75,76
8,0,0,7;9,10,11,12;49,41,33,34,26,27;57,58,59,60,61,62,63,55,47,39,31,23,15;7,6,5,13,21,29,37,45,44,52,51;25,17,18,19,20,28,36,35,43,42,50;14,22,30,38,46,54,53;56,48,40,32,24,16,8,0,1,2,3,4
7,0,0,6;6,5,4,3,2,1,0,7;8,9,10,11,12;13,20,27,34,41,48,47,46,45,44,43,42,35,28,21,14;15,16,17,24;18,25,32,31,30,23;19,26,33,40,39,38,37,36,29,22
6,0,0,5;16,10,9,8,7,13,19;18,12,6,0,1,2,3,4,5,11,17,23,22,21,15;29,28,27;24,30,31,32,33,34,35;14,20,26,25
5,0,0,5;8,13,12,17,16,15,20;7,6,11,10;24,19,14,9;4,3,2,1,0,5;21,22,23,18
6,0,0,5;31,30,24,18,12,6,0,1,2;7,8,9,3,4,5,11,17,23,29,35;34,28,27;33,32,26,20,21,22;25,19,13,14,15,16,10
7,0,0,5;29,22,15,14;40,39,38;12,19,26,33,32,31,30,37,36,35,28,21;7,8,9,16,23,24,25,18,11,4,5,6,13,20,27,34,41,48,47,46,45,44,43,42;0,1,2,3,10,17
8,0,0,6;28,36,37,38,46,54,53,52,51,50,49,41,33,25,17,9,10,11,12,13;21,20,19,18,26,34,42;14,22,30,29;32,24,16,8,0,1,2,3,4,5,6,7,15,23,31,39,47,55,63,62,61,60,59;58,57,56,48,40;27,35,43,44,45
9,0,0,7;34,25,24,23,22,21,12,3,2,1,10,19,28,37,38,39,40,41,50,51,60,61;16,15,14;52,43,42,33,32,31,30,29,20,11;64,55,46,47,48,49,58,59;0,9,18,27,36,45,54,63,72,73,74,65,56;57,66,75,76,77,78,79,80,71,62,53,44,35,26,17,8,7,6,5,4,13;67,68,69,70
8,0,0,7;51,52,53,54,46,38,30,22,14,13,12,11,10,2,1;16,24,32,33,41,49,50;43,44,45;40,48,56,57,58,59,60,61,62,63,55,47,39,31,23,15,7,6,5,4,3;20,19,18,17,9,8,0;42,34,35,36,37,29,21;25,26,27,28
7,0,0,6;8,9,16,23,30,31,32,33;10,17,18;15,14,21,28,35,42,43,44,45,46,47,48,41;24,25,26,19,12,11;34,27,20,13,6,5,4,3,2,1,0,7;22,29,36,37,38,39,40
6,0,0,5;13,14,15,21;4,10,9,8,7;23,29,35,34,33,32,31,30;3,2,1,0,6,12,18,19,20;24,25,26,27,28,22,16,17,11,5
5,0,0,4;6,11,16,21;4,3,2,1,0,5,10,15,20;9,8,7,12,17,22,23,24,19;18,13,14
6,0,0,5;0,6,7,8,9,10,16,17;19,25,31,32,33;35,34,28,27,26,20;1,2,3,4,5,11;29,23,22,21,15,14,13,12,18,24,30
7,0,0,6;19,26,25,32,31,30;37,36,29,28,21,14,7,0,1,2,9,16,23;10,3,4,5,6;22,15,8;41,48,47,46,45,44,43,42,35;24,17,18,11,12,13,20,27,34,33,40,39,38
8,0,0,6;46,45,44,43,42,41,40,32,24,16,8,0,1,2,3,4,12,20,19,18,26;57,58,59,60,61,62,63,55;47,39,31,23,22,14;15,7,6,5,13,21,29,28,27;30,38,37,36,35,34,33,25,17,9,10,11;56,48,49,50,51,52,53,54
9,0,0,9;32,41,40,39,38,37,28,19,20,21,12,13;74,73,72,63,54,55;0,1,2,3,4,5,6,7,8,17,26,35,44,53,62,71,80,79,78,77,76,75;66,67,58,59,60;22,31,30,29;57,56,65,64;47,48,49,50,51,42,33,24;68,69,70,61,52,43,34,25,16,15,14,23;11,10,9,18,27,36,45,46
8,0,0,7;23,15,7,6,5,4,3,11,10,9;56,57,49;42,43,44,45;41,33,34,35,36,37,38,46,54,53,52,51,50;2,1,0,8,16,17,18,19,20,21,29,30,31,39,47,55,63,62,61,60,59,58;22,14,13,12;48,40,32,24,25,26,27,28
7,0,0,6;48,41,40,39,38;18,25,32,33,34,27,20,13,6,5,4,3,2,1,0,7;14,21,28,35,36,37,30,31,24;26,19,12,11,10,9,8,15;42,43,44,45,46,47;29,22,23,16,17
6,0,0,6;31,32,33,34,35,29,23,17,11,5,4,3,2,1,0;26,20,19,18,12;25,24,30;6,7,8,9;27,21,15,14,13;28,22,16,10
5,0,0,5;16,11,6,1,2,3,8;24,19,18;21,20,15,10,5,0;4,9,14,13;23,22,17,12,7
6,0,0,6;20,14,8;30,31,32,33,34,35,29,23,17,11,5;4,10,16,22,28;2,3,9,15,21,27,26,25,24,18;0,1,7;19,13,12,6
7,0,0,6;39,38,37,30;31,24,23;8,9,16,17,18,25,32;7,14,15,22,29,36;0,1,2,3,4,5,6,13,20,27,34,41,48,47,46,45,44,43,42,35,28,21;40,33,26,19,12,11,10
8,0,0,8;56,57,58,59;14,13,12,11,19,18,17,16,8,0,1;36,44,43,42,41,40,32,24,25,26;61,62,54,46,38,39;48,49,50,51,52,60;9,10,2,3,4,5,6,7,15,23,22,21,20,28,27,35,34,33;53,45,37,29,30,31;63,55,47
9,0,0,9;29,20,11,10;73,74,75,76,77,78,79,80,71,62,61,52,51,42,33,24,23,22,21;12,13,14,15,16,25,34,43;38,47,46,45,36,27,18,9,0,1,2,3,4,5,6,7,8,17,26,35,44,53;50,59,60,69,70;48,39,30,31,32,41;40,49,58,57,56,55,54;19,28,37;72,63,64,65,66,67,68
8,0,0,5;34,42,50,58,59;35,43,51;45,37,29,21,20,19,18,17,16,8,0,1,2,3,4,5,6,7,15,23,31,39,47,55,63,62,61,60;49,41,33;57,56,48,40,32,24,25,26,27,28,36,44,52,53,54,46,38,30,22,14,13,12,11,10,9
7,0,0,6;3,4,5,6,13,20,27,34,41,48,47,46,39,32,25,18,17;29,30,23,16;1,2,9,10,11,12,19,26,33,40;0,7,8,15,22;45,44,43,42,35,28,21,14;24,31,38,37,36
6,0,0,6;6,7,8;21,15,16;14,20,19,25,31,32,33,34,35,29,23,17,11,5,4;13,12,18,24,30;0,1,2,3,9,10;26,27,28,22
5,0,0,4;19,14,9,8,7,12;4,3,2,1,6,11,16;13,18,23,24;17,22,21,20,15,10,5,0
6,0,0,5;34,33,32,31,30,24,18,12,6,0,1;5,11,17,23,29,35;2,3,4,10,16,22,28;9,15,21,27,26,25,19,13,7;20,14,8
7,0,0,7;28,29,36,37,38,39;6,5,12,11,10,9,8,7;35,42,43,44,45,46,47,40,33,32,31,30,23,22;48,41,34,27,26,25,24;4,3,2,1,0;19,20,13;18,17,16,15,14,21
8,0,0,7;55,63,62,61,60,52,51;19,20,21,22,23,15,7,6,5,4,3,2,1,0,8,16,17,25,33,41,49,50,58,59;36,35,34,42;9,10,18,26,27,28,29,30,31,39,47,46,54,53;57,56,48,40,32,24;14,13,12,11;38,37,45,44,43
9,0,0,8;37,46,47,56,57,58,59,60,51,42,33,24,23,22,13,12;16,25,34,43,52,61,70,69,68,67,66,65,64,55;21,30,31,40;6,7,8,17,26,35,44,53,62,71,80,79,78,77,76,75,74,73,72,63,54,45;48,39,38,29,20,11;32,41,50,49;15,14,5,4,3,2,1,0,9,18,27,36;28,19,10
8,0,0,8;27,26,34,33,32,40,48,56;3,4,5,6,7,15,23,31,39,47,55,63,62,61,60,59,58,50;9,17,18,19;42,41,49,57;21,29,37,45,44;28,36,35,43,51,52,53,54,46,38,30,22;20,12,13,14;25,24,16,8,0,1,2,10,11
7,0,0,5;33,40,39,38,37,36,29,22,15,8;9,16,23,30;19,12,11,10,17,24,31,32;18,25,26,27,34,41,48,47,46,45,44,43,42,35,28,21,14,7,0,1,2,3,4;5,6,13,20
6,0,0,6;13,7,8;35,34,33,32,31,30,24,18,12,6,0,1,2,3,4,5,11;19,20,14;25,26,27,28,29;9,15,21,22,23;10,16,17
5,0,0,5;6,5,10,15,20,21;4,3,2,1,0;11,16,17,22;23,18,13,12,7;24,19,14,9,8
6,0,0,5;15,14,13;2,1,0,6,12;21,20,19,18,24,30,31,32,33,34,35,29,23;25,26,27,28,22,16,10;17,11,5,4,3,9,8,7
7,0,0,6;40,33,26,19,12,5;29,22,15,8,9,10;47,48,41,34,27,20,13,6;24,25,32,39,46,45,44,43,42;18,17,16,23,30,31,38;37,36,35,28,21,14,7,0,1,2,3,4,11
8,0,0,8;7,6,14,22,30,29;24,16,8,0,1,2,3,4,5,13,21;36,35,27,19,18,17;38,37,45,44,52,51,50,49,41,33,25;15,23,31,39,47,55,63,62;46,54,53,61,60,59,58,57,56,48,40,32;9,10,11,12,20,28;43,42,34,26
9,0,0,7;8,17,26,35,34,33,32,31,40;55,46,37,28,19,10,9;11,20,29,38,47,56,57,58,59,60,51,52;12,13,14,15,6;71,80,79,78,77,76,75,74,73,72,63,54,45,36,27,18;7,16,25,24,23,22,21,30,39,48,49,50,41,42,43,44,53,62,61,70,69,68,67,66,65,64;0,1,2,3,4,5
8,0,0,6;16,8,0,1,2,3,11,19;43,42,50,58,57,56,48,40,32,24,25,17,9;10,18,26,27,28,20,12,4;52,53,54;44,45,46,38,30,22,14;51,59,60,61,62,63,55,47,39,31,23,15,7,6,5,13,21,29,37,36,35,34,33,41,49
7,0,0,7;34,41,48,47;17,24,31,32;16,23,30;5,6,13,20,19;27,26,25,18;38,37,36,29,22,15,8,9,10,11,12;33,40,39,46,45,44,43,42,35,28,21,14,7,0,1,2,3,4
6,0,0,5;15,14,20;1,7,8;9,10,16,22,21;2,3,4,5,11,17,23,29,28,27,26,25,19,13;0,6,12,18,24,30,31,32,33,34,35
