10,0,0,9;62,72,82,92,93,94,95,96,97,98,99;81,71,61,51,52,53,54,44,45;89,88,78,68,58,48;32,22,23,24,25,26,27;83,84,85,86,87,77,67,57,47,37,36,35,34,33,43,42,41;38,28,18,17,16,15,14,13,12,11,21,31;55,65,64;79,69,59,49,39,29,19,9,8,7,6,5,4,3,2,1,0,10,20,30,40,50,60,70,80,90,91;63,73,74,75,76,66,56,46
10,0,0,10;67,57,47,37,27;51,52,42,32,33;98,99,89,79,69,59,49,39,29,19,9,8,7,6,5,4,3,2,1,0,10,20,30;82,83,84;88,78,77,76,66,56,46,36,26;50,40,41,31,21,22,23,24,25,35,45,55,54;87,86,85,75,74,73,72,71,81;68,58,48,38,28,18,17,16,15,14,13,12,11;97,96,95,94,93,92,91,90,80,70,60,61,62;65,64,63,53,43,44,34
10,0,0,11;36,35,34,33,32,22;74,64,63;82,72,73;51,41,31,21,11;69,59,49,39,29,19,9,8,7,6,5,4,3,2,1,0,10,20,30,40,50;90,80,70,60,61,62,52,42,43,44,45,46,47,37,27,26,25,24,23;66,76,77,87,88;12,13,14,15,16,17,18,28,38,48,58,57,56;86,85,84,83,93,92,91,81,71;94,95,96,97,98,99,89,79,78,68,67;75,65,55,54,53
10,0,0,8;22,23,24,25,26,27,37,47,48,58,68,78,88,87,86,96,95,94;29,19,9,8,7,6,5,4,3,2,1,0,10,20,30,40,50,60,70,80,90;43,53,63,62,72,82;66,65,55,45;44,54,64,74,73,83,93,92,91,81,71,61,51,52,42;84,85,75,76;97,98,99,89,79,69,59,49,39,38,28,18,17,16,15,14,13,12,11,21,31,41;77,67,57,56,46,36,35,34,33,32
10,0,0,11;4,5,15,16,17,18;89,79,78;93,92,91,90,80;86,76,66,56,46,45,44,54,53,52,51,50,40,30,20,10,0,1,2;55,65,64,63,62,61,60;81,82,83,84,94,95,96,97;70,71,72,73,74,75,85;99,98,88,87,77;3,13,14,24,25,26,27,28,38,48,58;32,22,23;12,11,21,31,41,42,43,33,34,35,36,37,47,57,67,68,69,59,49,39,29,19,9,8,7,6
10,0,0,9;27,17,7,6,5,4,3,2,1,11;99,89,79,69,59,49,39,29,19;73,72,82,92,93,94,95,96,97,98,88,78,68,58,48;41,51,52,53,54,44,34;74,75,76,66,56,57,47,37,38,28,18,8,9;67,77,87,86,85,84,83;42,43,33,23,24,25,35;0,10,20,21,22,12,13,14,15,16,26,36,46,45,55,65,64,63,62,61,71,81;91,90,80,70,60,50,40,30,31,32
10,0,0,11;9,8,7,6;20,10,0,1,2,3,4,5;30,40,50,60,61,62,63,64,54,44,34,33;28,38,48,47,46,56,66;23,22,32,42,43;15,14,13,12,11,21,31,41,51,52,53;27,37,36,35,45,55,65,75,74,73,72,82,81;71,70,80,90,91,92;83,84,85,86,76,77,67,57;93,94,95,96,97,98,99,89,79,69,59,49,39,29,19,18,17,16,26,25,24;87,88,78,68,58
10,0,0,10;86,87,88,78,68,58,48,38,28,18;77,67,57,47,37,27,17,16,15,14,13,12,11,21;31,41,51,61;64,63,62,52,42,32,22,23,24,25,26,36;76,66,56,46,45,44;54,53,43,33,34,35;55,65,75,85,95;71,72,73,83;91,90,80,70,60,50,40,30,20,10,0,1,2,3,4,5,6,7,8,9,19,29,39,49,59,69,79,89,99,98,97,96;81,82,92,93,94,84,74
10,0,0,10;15,14,13,12;37,27,17;5,4,3,2,1,11,21,22,23,24,25;9,19,29,39;33,32,31,30,20,10,0;58,57,56,55,54,44;34,35,36,26,16,6,7,8,18,28,38;59,49,48,47,46,45;66,65,64,63,53,52,51,61,71,81,82,83,84,85,86,87,88,78;62,72,73,74,75,76,77,67,68,69,79,89,99,98,97,96,95,94,93,92,91,90,80,70,60,50,40,41,42,43
10,0,0,9;64,74,84,94;9,8,7;63,73,83,93,92,91,90;33,43,44,45,46,56,66;29,39,49,59,69,79,89,99,98,97,96,95,85;19,18,28,27,26,25,15,14,13,12,22,32,42,52,53,54,55,65,75,76,77,67,57,47;71,61,51,41,31,21,11,1,2,3,4,5,6,16,17;86,87,88,78,68,58,48,38,37,36,35,34,24,23;0,10,20,30,40,50,60,70,80,81,82,72,62
10,0,0,10;51,61,71;81,91,92,93,83,73,63,53,43,33,34,35;41,42,52,62,72,82;90,80,70,60,50,40,30,20,10,0,1,2,3,4,5,6,7,8,9,19,29,39,49,59,69,79,89,99,98,97,96,95,94;84,74,75,76,77,78;88,87,86,85;27,26,25,24,23,22;32,31,21,11,12,13,14,15,16,17,18,28,38,37,36,46,45,44,54;55,56,57;64,65,66,67,68,58,48,47
10,0,0,10;3,2,1,0,10,20,30,40,50;9,19,29,28,38,48,58,68,69,79,89,99,98,97,96,95,94,93;39,49,59;18,17,27,37,47,57,67,77,78,88;32,22,23,24,25,35,45,55,65,64;33,43,42;4,5,6,7,8;52,62,72,71,81;84,83,82,92,91,90,80,70,60,61,51,41,31,21,11,12,13,14,15,16,26,36,46,56,66,76,86,87;34,44,54,53,63,73,74,75,85
10,0,0,11;81,82,83,84,74,64,54,44,34;8,9,19,29,39,49,59,58,57,56,55;45,46,47,37,27,26,16,15,14,13,12,11,21,20,30,40,50,60,70,80,90,91,92,93,94,95;23,22,32,31,41,51,61;99,98,88,78,77,76,86;87,97,96;85,75,65,66,67,68,69,79,89;36,35,25,24;33,43,53,63,73;71,72,62,52,42;10,0,1,2,3,4,5,6,7,17,18,28,38,48
10,0,0,11;57,47,48,38,28,18,17,16,15,14,13,12,22,32,42;39,49,59,58,68,67,66,56,46,36,37;71,72,73,74,75,76;62,61,51,41,31,21,11,10;0,1,2,3,4,5,6,7,8,9,19,29;24,23,33,43;20,30,40,50,60,70,80,90,91,92,93,94,95,96,97,98,88,78,77;81,82,83,84,85,86,87;69,79,89,99;27,26,25,35,45,55,65,64,63,53,52;34,44,54
10,0,0,9;90,80,70,60,50,51,41,31,32,22,23,24,25,26,27,37,38,48,58,68,78,88,98;87,77,67,57,47,46,36,35,34,33,43,42;91,81,71,61,62,52,53,54,44,45;92,82,72,73,63,64,65,55,56;66,76,86,96,97;99,89,79,69,59,49,39,29,19,9,8,7,6,5,4,3,2,1,0,10,20,30,40;28,18,17,16,15,14,13,12,11,21;75,74,84,83,93;85,95,94
10,0,0,12;76,77,87,97,98,99,89,79,69,59,58,57,47;70,80,90,91,92,93,94,95;44,43,53,63,73,72,71,61,51,41,31,21,11;62,52,42,32,33,34,35,36,37,38,28,18,17;16,15,14,13;19,29,39,49,48;60,50,40,30,20,10,0,1;55,54,64;27,26,25,24,23,22,12,2,3,4,5,6,7,8,9;85,86,96;88,78,68,67;45,46,56,66,65,75,74,84,83,82,81
10,0,0,8;21,31,32,42,52,53,54,55,65;28,38,37,36,35,34,24,14,13,12,11;66,56,46,45,44,43,33,23,22;41,51,61,71,81,91,92,93,94,95,96,97,98,99,89,79,69,59,49,39,29,19,9,8,7,6,16;48,58,68,78,88,87,86,85,84,83,82;47,57,67,77,76,75,74,73,72;18,17,27,26,25,15,5,4,3,2,1,0,10,20,30,40,50,60,70,80,90;62,63,64
10,0,0,12;38,37,27,26,25;17,18,28;16,6,7,8,9,19,29,39,49,59,69,79,89,99,98,97,96;67,77,76,75,65,55,45,44,34,24,23,22,32;14,13,12,11,21,31,41,40;81,82,83,84,74,64,54;68,78,88,87,86,85,95,94,93,92,91,90,80,70,60,50,51;66,56,57,58;30,20,10,0,1,2,3,4,5,15;33,43,53,63,73,72,71,61;42,52,62;35,36,46,47,48
10,0,0,8;9,8,18,17,16,26,36,46,56,66,76,86,96,95,94,93,92,91,90,80;89,99,98,97,87,77,67,57,47,37;75,85,84,83,82,81;43,33,23,13,12,11,10,20,30,40,50,60,70,71,72,73,74,64,65,55,45,35,25,15,5,6,7;27,28,38,48,58,68;22,21,31,41,51,61,62,63;19,29,39,49,59,69,79,78,88;0,1,2,3,4,14,24,34,44,54,53,52,42,32
10,0,0,9;54,44,45,46,47,48,49,39,29,19,9;68,67,77,76,86,85,84,83,82,81,71,70,60,50,40,30,20,10,0,1,2,3,4,5,6,7,17,27;34,24,23,22,32,42,52,62,72,73,74,75,65,55;78,88,87;79,89,99,98,97,96,95,94,93,92,91,90,80;64,63,53,43,33;66,56,57,58,59,69;16,26,36,37,38,28,18,8;61,51,41,31,21,11,12,13,14,15,25,35
10,0,0,9;15,25,35,45,55,54,53,63,73,83,82,81,71;78,88,87,86;79,89,99,98,97,96,95,85,75,76,77,67,57,47,37,27,17,7,6,5,4,3,2,1,0,10,20;72,62,52,42,43,44,34,24,23,22,21;11,12,13,14;9,19,29,39,49,59,69,68;61,51,41,31,32,33;30,40,50,60,70,80,90,91,92,93,94,84,74,64,65,66,56,46,36,26,16;8,18,28,38,48,58
10,0,0,9;31,21,22,23,33,43,53,52,62;45,46,47,37;6,7,8,9,19,29,39,49,59,69,79,89,99,98,97,87,77,67,57,56,55;88,78,68,58,48,38,28,18,17,16,15,25,24;27,26,36,35,34,44,54,64,65,66,76,86,96,95,94,93,92,91,90;5,4,3,2,1,0,10,20,30,40,50,60,70,80,81,82,83,84;74,75,85;11,12,13,14;32,42,41,51,61,71,72,73,63
10,0,0,8;30,40,50,60,70,80,90,91,92,93,94,95,96,97,98,99,89,79,69,59,49,48,47,46,56,66,65,64,54;33,23,13,14,15,16,17;57,58,68,78,88,87,86,85,84,83,82,72;67,77,76,75,74,73,63,62,52;11,12,22;53,43,44,34,24,25,26,27,28,18,8,7,6,5,4,3,2,1,0,10,20,21,31,32;42,41,51,61,71,81;9,19,29,39,38,37,36,35,45,55
10,0,0,12;44,34,33,23;82,83,84,85,86,87,88,78,68,67;81,91,92,93,94,95,96,97,98,99,89,79,69,59,49,39,29;90,80,70,71;19,18,17,27;22,32,42,43;36,35,45,55,54,53,52,51,41,31;72,73,74,75,76,77;9,8,7,6;26,25,24,14,13,12,11,21,20,30,40,50,60,61,62,63,64,65,66,56,46,47,37;57,58,48,38,28;16,15,5,4,3,2,1,0,10
10,0,0,11;37,27,26,25,24,34;0,1,11,21,31,41,40;47,48,58,68,78,88,87,86,85,84,83,82,81,71,70,60,50;61,62,72,73,74,75,65,66,56,46,36,35;30,20,10;76,77,67,57;53,43,44,45;19,9,8,7,6,5,4,3,2,12,22,32,42,52,51;63,64,54,55;38,39,49,59,69,79,89,99,98,97,96,95,94,93,92,91,90,80;33,23,13,14,15,16,17,18,28,29
10,0,0,10;68,58,48,38,28,18;32,42,41;60,61,71,72,73,63,64,65,66,56,46,45,35,25,15;57,47,37,27,17,7,8,9,19,29,39,49,59,69,79,89,99,98,97,96;0,1,2,3,13,23,22,21,31,30,40,50,51;55,54,44,34,24,14,4,5,6,16,26,36;81,82,83,84,74,75,76,77,67;70,80,90,91,92,93,94,95,85,86,87,88,78;20,10,11,12;62,52,53,43,33
10,0,0,9;91,90,80,70,60,50,40,30,20,10,0,1,2,3,4,5,6,7,8,18,28;54,44,34,24,25,26,27,17;12,11,21,31,41,51,61,71,81,82,92,93,94,95,85,75;77,78,68,58,48,38,37,36,35;65,55,45,46,47,57,67;22,32,42,52,62,72,73,83,84;87,88,89,79,69,59,49,39,29,19,9;16,15,14,13,23,33,43,53,63,64,74;56,66,76,86,96,97,98,99
10,0,0,9;75,85,95,94,93;36,26,16,15,14,24,23,33,43,53,63,73,72;64,65,66,56;17,27,37,47,46,45,55,54;40,30,20,10,0;92,91,90,80,70,60,50,51,41,31,21,11,1,2;25,35,34,44;74,84,83,82,81,71,61,62,52,42,32,22,12,13,3,4,5,6,7,8,18,28,38,48,58,68,78,88,87;9,19,29,39,49,59,69,79,89,99,98,97,96,86,76,77,67,57
10,0,0,10;50,40,30,20,10,0,1,2,3,4,5,6,7,8,9;49,59,69,79,89,99,98,97,96,95;77,67,57,56,55,45,44;46,36,26,27,28;14,24,23,22,32,42,43,53,54,64,65,66,76,86,85;47,37,38,39,29,19,18,17,16,15,25,35,34,33;87,88,78,68,58,48;75,74,84,94,93,92,91,90,80,70;63,73,83,82,81,71,61,60;13,12,11,21,31,41,51,52,62,72
10,0,0,11;82,72,71,61,51,41;2,3,4,5,6,7,8,9,19,29,39,49,59,69,79,89,99,98,97,96,95,85;84,94,93,92,91,90;11,1,0;53,43,33,23;63,62,52,42,32,31;66,65,64,54,44,34,35,36,46,47,48,58,68,78,88,87,86;21,22,12,13,14,15,16,17,18,28;45,55,56,57,67,77,76,75,74,73,83;10,20,30,40,50,60,70,80,81;24,25,26,27,37,38
10,0,0,10;67,66,56,46,36,35,25,15,5,6,7,17,18,28;8,9,19,29,39,38,48,58;81,82,83;4,3,2,12,11,21,31,41,51,61,62,63,64,54;68,78,88,87,86,85,84,74,73,72,71;77,76,75,65,55,45,44,43,53;49,59,69,79,89,99,98,97,96,95,94,93,92,91,90,80,70,60,50,40,30,20,10,0,1;16,26,27,37,47,57;33,34,24;14,13,23,22,32,42,52
10,0,0,11;32,22,23,13,14,15,16,17,18,28,38,37;25,35,45,55,65,75,85,84,83,82,81,71,61,51,41;48,47,46,36,26,27;72,73,74,64;56,57,58,68;88,87,86,76;12,11,21,31;40,30,20,10,0,1,2,3,4,5,6,7,8,9,19,29,39,49,59,69,79,78,77,67,66;89,99,98,97,96,95,94,93,92,91,90,80,70,60,50;62,63,53,54,44,34,24;33,43,42,52
10,0,0,11;63,62,52;48,47,37,27,26;12,13,3,4,5,6,7,8,9,19,29,39,49,59,69;64,54,53,43,42,41,51,61;79,78,68,58,57,56,46,36,35,25;84,83,82,81,80;16,17,18,28,38;99,98,97,96,86,76;90,91,92,93,94,95,85,75,74,73,72,71,70,60,50,40,30,20,10,0,1,2;89,88,87,77,67,66,65,55,45,44,34,33,32,31,21,11;22,23,24,14,15
10,0,0,11;49,39,29,19,9,8,7;22,23,13,14,15,25,26,27;57,67,77,76,75,65,55,54,53;68,78,88,87,86,85;93,92,91,90,80,70,60,50,40,30,20,10,0,1;63,64,74,84;17,18,28,38,48,58,59,69,79,89,99,98,97,96,95,94;47,37,36,35,34,24;41,51,61,71,81,82;83,73,72,62,52,42,43,44,45,46,56,66;33,32,31,21,11,12,2,3,4,5,6,16
10,0,0,10;68,67,66,76,75;77,78,88;93,94,95,96,97,98,99,89,79,69,59,58,57;62,52,42,32,22,12,13,14,15,25,26,27;81,71,61,51,41,31,21,11,1,2,3,4,5,6,7,8,9,19,29,39,49,48,47,37;24,34,35,36,46,56,55,65;87,86,85;45,44,54,64,74,84,83;16,17,18,28,38;0,10,20,30,40,50,60,70,80,90,91,92,82,72,73,63,53,43,33,23
10,0,0,12;99,89,79,69,68,67;40,41,51,61,71,81,82,83,84;35,45,46,47,48,38,28,29;19,18,17,27,37,36;0,10,20,30;26,25,24;54,44,34,33,23,22,12,11,1;9,8,7,6,16,15,14,13;43,53,63,64,65,55;39,49,59,58,57,56,66,76,77,78,88,98,97,96,95,94,93,92,91,90,80,70,60,50;5,4,3,2;21,31,32,42,52,62,72,73,74,75,85,86,87
10,0,0,10;21,31,41,51,61,71,81,82;11,12,22,32,42,52,62,72;83,84,94;29,28,18,17,16,15,25,35,45,55,56;99,89,79,69,59,49,39;19,9,8,7,6,5,4,14,24,34,44,54,64,65,66,67,77,87;97,98,88,78,68,58,48,38,37,27;85,75,74,73,63,53,43,33,23,13,3,2,1,0,10,20,30,40,50,60,70,80,90,91,92,93;57,47,46,36,26;95,96,86,76
10,0,0,11;70,80,90,91,92,82,72;24,25,35;32,22,12,2,1,0,10,20,30,40,50,60,61,71,81;18,17,16,15,14,13,23,33,34,44,45,46,56,57,58,68,78,88;38,28,27,26;75,74,64,63,62,52,51,41,31,21,11;36,37,47,48;5,4,3;93,94,95,96,97,98,99,89,79,69,59,49,39,29,19,9,8,7,6;87,77,67,66,65,55,54,53,43,42;73,83,84,85,86,76
10,0,0,9;74,75,76,66,56,46;32,22,12,13,14,15,25,35,45,55,65,64,63,73;11,21,31;6,5,4,3,2,1,0,10,20,30,40,41,42,43,33;51,61,71,81,91,92,93,94,95,96,97,98,99,89,79,69;16,26,36,37,38,28,18;77,67,57,47,48;50,60,70,80,90;23,24,34,44,54,53,52,62,72,82,83,84,85,86,87,88,78,68,58,59,49,39,29,19,9,8,7,17,27
10,0,0,9;65,75,76,77,78,88;55,56,66,67,68,58,48,38,28,18;57,47,46,45,44,43,42;73,72,62,52,53,54;96,97,98,99;35,34,33,32,31,41,51,61,71,81,82,83,84,74,64,63;27,17,16,15,14,13,12;37,36,26,25,24,23,22,21,11,1,2,3,4,5,6,7,8,9,19,29,39,49,59,69,79,89;0,10,20,30,40,50,60,70,80,90,91,92,93,94,95,85,86,87
10,0,0,8;54,53,43,33,34,35,36,37,38,28,18;58,59,69,79,89,99,98,97,96,95,94,93,92,91,90,80,70,60,61,51,41,31,21,11,12,13,14,15,16,17,27;63,64,65,55;26,25,24,23,22,32,42,52,62,72,71;68,78,88;66,76,75,74,73,83,82,81;84,85,86,87,77,67,57,56;50,40,30,20,10,0,1,2,3,4,5,6,7,8,9,19,29,39,49,48,47,46,45,44
10,0,0,11;36,46,47,48,58,59;69,79,89,99,98;2,3,4,5,6,7,8,9,19;82,81,71,61,51,41,31,21,22,23;13,12,11,1;68,78,88,87,97,96,95,94,93,92,91,90,80,70,60,50,40,30,20,10,0;66,65,64,63,53,43,33;49,39,29,28,18,17,16,15,14,24,34,44,54,55;45,35,25,26,27,37,38;83,84,85,86;56,57,67,77,76,75,74,73,72,62,52,42,32
10,0,0,9;78,77,76,75,85,84,83,82,81,71,61,51,41,31,21,22;88,87,86;11,12,13,23,33,34,35,36,37,27;95,94,93,92,91,90,80,70,60,50,40,30,20,10,0,1,2,3,4;19,9,8,7,6,5,15,14;24,25,26,16,17,18,28,38,48,47,46,45,44,43,53,63,73,72;96,97,98,99,89,79,69,68,67,66,65;62,52,42,32;29,39,49,59,58,57,56,55,54,64,74
10,0,0,10;41,31,32,22,23;55,56,46,36;73,74,75,85,86,87,88,98;47,37,27;16,26,25,35,45,44,54,64,65,66,76,77,78,79,89,99;15,14,24,34,33,43,42,52,51,61,71,81;57,58,48,38,28,18,17;97,96,95,94,93,92,91,90,80,70,60,50,40,30,20,10,0,1,2;21,11,12,13,3,4,5,6,7,8,9,19,29,39,49,59,69,68,67;53,63,62,72,82,83,84
10,0,0,9;29,19,9,8,7,6,5,4,3,2,1,0,10,20,30,40,50,60,61,62,63,64,74,75,76,77,87;13,12,11,21,31;56,46,36,37,38,39,49,59,69,79,89,99,98,97,96,95,94,93,92,82,81;91,90,80,70,71,72,73,83,84,85,86;47,48,58,68,78,88;28,18,17,16,15,14,24,23,22,32,42,43;27,26,25,35,34,33;44,54,53,52,51,41;45,55,65,66,67,57
10,0,0,12;58,48,47,46,36,35,34,24,14,13,12,11,21,31;68,69,59,49,39,29,19,9,8,7,6,16;60,50,51,52,62,72;88,87,77,67;94,93,92,91,90,80,70;17,18,28,38;63,73,74,75,85;32,42,41,40,30,20,10,0,1,2,3,4,5,15,25,26,27,37;86,76,66,65,64,54,53;57,56,55,45,44,43,33,23,22;61,71,81,82,83,84;95,96,97,98,99,89,79,78
10,0,0,8;11,21,31,41,42,43,44,54,55;56,66,65,64,63,53,52,51,61,71,81,82,83,84;13,14,15,16,26,36,46,47,57,67,77;76,75,74,73,72,62;19,9,8,7,6,5,4,3;17,27,37,38,48,58,68,78,88,87,86,85,95,94,93,92,91,90,80,70,60,50,40,30,20,10,0,1,2,12,22,23,24,25;32,33,34,35,45;96,97,98,99,89,79,69,59,49,39,29,28,18
10,0,0,9;50,60,70,80,90,91,92,93,94,95,96,97,98,99,89,79,69,59;38,28,18,17,16,6,5,4,3,13,12,11;55,54,53,52,51;14,15,25,26,27;47,57,67,77,76,75,74,73,72,62;61,71,81,82,83,84,85,86,87,88,78,68,58,48,49,39,29,19,9,8,7;30,31,32,33,34,35,36,37;63,64,65,66,56,46,45,44,43,42,41,40;24,23,22,21,20,10,0,1,2
10,0,0,12;36,46,47;0,10,20,30,40,41,51,61,71,81,91,92,93,94,95,96,97,87,88,78,68,58,57,56,66,65,64;34,44,43,42,32,31,21,11;86,85,84,83,82,72,62,52;67,77,76,75,74,73;1,2,12,22,23,33;50,60,70,80,90;98,99,89,79,69;59,49,39,29,19,9,8,7,6,5,4,3,13;25,26,27,37,38,48;28,18,17,16,15,14,24;63,53,54,55,45,35
10,0,0,8;18,17,16,15,14,13,12,11,21,31,41,51,61,71,81,82;37,47,46,45,35,34;33,43,44,54,55,56,66,76,86,96,97,98,88,78,68,58,48,38,28,27,26,36;57,67,77,87;25,24,23,22,32,42,52,62,72,73,83;84,74,75,65;64,63,53;85,95,94,93,92,91,90,80,70,60,50,40,30,20,10,0,1,2,3,4,5,6,7,8,9,19,29,39,49,59,69,79,89,99
10,0,0,9;18,17,16,15,25;58,48,38,28,27,26;75,85,86,96;24,14,4,5,6,7,8,9,19,29,39,49,59,69,79,89,99,98,97,87,77,76,66,56,46,45,44,43,42,52,62,63,73,83,93,92,91,81;0,10,11,12;53,54,55;90,80,70,60,50,40,30,20,21,22,23,13,3,2,1;88,78,68,67,57,47,37,36,35,34,33,32,31,41,51,61,71,72,82;65,64,74,84,94,95
10,0,0,10;2,1,0;9,19,29,28;50,51,41,31,21,22,23;62,72,73,74,75,76,77,67;71,81,82,83,84,85,86,87,88,78,68,58,48,47,46,36,35,34,33,32,42,52,53,54;57,56,66,65,64,63;15,16,17,18;43,44,45,55;61,60,70,80,90,91,92,93,94,95,96,97,98,99,89,79,69,59,49,39,38,37,27,26,25,24,14,13,12,11,10,20,30,40;3,4,5,6,7,8
10,0,0,11;59,69,79,89,99,98,97,96,95;14,4,5,6,7,8,9,19,29,39,49,48,58,68,78,88,87,86,85,84,94,93,92,91,90,80,70,60,50,51,52,53;66,76,77;20,30,40,41,42,43,44;31,21,11,10;81,71,61;56,57,67;15,16,17,18,28,38,37,47,46,45,55,65,75,74,73,83,82;72,62,63,64,54;0,1,2,12,22,32,33,34,35,36;3,13,23,24,25,26,27
10,0,0,9;63,64,54,44,34;75,74,73,72,62;11,21,31,41,51,61,71,81,82,83,84,85,86,76,66,65;99,89,79;87,88,78;52,53,43,33,23,24,25,26,27,37;98,97,96,95,94,93,92,91,90,80,70,60,50,40,30,20,10,0,1,2,3,4,5,6,7,8,9,19,29,39,49,59,69,68,67,77;45,55,56,57,58;35,36,46,47,48,38,28,18,17,16,15,14,13,12,22,32,42
10,0,0,8;11,12,13,3,4,5,6,7,8,9,19,29,39,38,48,58,68,78,88,87,97,96,95,94,93,83,73,63,53,43,44,34;20,30,40,50,60,70,80,90,91,92,82,72,62,52,42,32,33;14,24,23,22,21,31,41,51,61,71,81;98,99,89,79,69,59,49;36,46,56,66,65,75;26,27,37,47,57,67,77,76,86,85,84,74,64,54,55,45,35;28,18,17,16,15,25;10,0,1,2
10,0,0,11;96,97,98,99,89,79,69,59,49,39,29,28,27,26;23,33,43,53,63,73;51,61,71,81,82,83,84;19,9,8,7,6,5,4,3,2,1,0,10,20,21;56,46,36;48,58,68,78,88,87,86,76,66,65,55,45,35;41,42,52,62,72;18,17,16,15,25,24,34,44,54,64,74,75,85,95;14,13,12,11;22,32,31,30,40,50,60,70,80,90,91,92,93,94;38,37,47,57,67,77
10,0,0,10;56,55,45,35,34,24,23,22,32,42,52,62,72,73,83,93,94,95,96,97,98,99,89,79,69,59,49,39,29;48,38,37;53,63,64,74,84,85,86;28,27,26,25;36,46,47,57,58;78,68,67,66;65,75,76,77,87,88;19,18,17,16,15,14,13,12,11,21,31,41,51,61,71,81,82;9,8,7,6,5,4,3,2,1,0,10,20,30,40,50,60,70,80,90,91,92;33,43,44,54
10,0,0,11;38,28,18;73,72,62;78,88,87,86,85;41,42,43,44,54,55,65,75,76,77,67,68,58,48,49,39,29;59,69,79,89,99,98,97,96,95,94;25,24,23,22,21,20,10,0,1,2,3,4,5,6,7,17,27,37,47,57,56,66;46,45,35,34,33,32,31,30,40,50,60,70,80,90,91;36,26,16,15,14,13,12,11;92,82,81,71,61;93,83,84,74,64,63,53,52,51;19,9,8
10,0,0,8;46,56,66,65,75,74,73,72,82,92,93,94,95,96,97,98,99,89,79,69,68,58,48,38,28,18,17,16;67,57,47,37,27,26,25,15;91,81,71,61,62,63,64,54,55,45,35,36;11,21,31,41,51,52,53;33,23,13,3,4,5,6,7,8,9,19,29,39,49,59;83,84,85,86,76,77;87,88,78;14,24,34,44,43,42,32,22,12,2,1,0,10,20,30,40,50,60,70,80,90
10,0,0,11;93,92,82,72,62;3,13,14,24;94,84,83,73,63,53,52;99,98,97,96,95,85,75,74,64,54,55,56,57,47,37,27,26,25,35,34,33,23,22,12;2,1,11,21,31,32,42,43,44,45,46,36;67,68,58,48,38,28,18,17,16,15;41,51,61,71,81,91;90,80,70,60,50,40,30,20,10,0;89,88,87,86;49,39,29,19,9,8,7,6,5,4;65,66,76,77,78,79,69,59
10,0,0,10;96,97,98,99,89,79;64,63,73,72;22,32,42,52,62;45,55,65,66;7,8,9,19,29,39,49,59,69,68,67,77,76,75,74,84,83,82,81,71,61,51,41,31,21,11,12,13,23,33,43,53,54;46,56,57,58;14,24,34,44;47,48,38,28;78,88,87,86,85,95,94,93,92,91,90,80,70,60,50,40,30,20,10,0,1,2,3,4,5,6,16,26;15,25,35,36,37,27,17,18
10,0,0,8;92,91,90,80,70,60,50,40,30,31,32,33,34,44;81,71,61,51,41,42,43,53,63,73,74,84;96,86,87,88,78,68,58,48,38,28,18,17,16,15,14,13,12,11;52,62,72,82,83,93,94,95;35,45,55,54;97,98,99,89,79,69,59,49,39,29,19,9,8,7,6,5,4,3,2,1,0,10,20,21,22,23,24,25,26,27,37,47,57,67,77,76;64,65,75,85;36,46,56,66
10,0,0,9;83,73,63,53;51,41,31,21,11;47,46,45,55,54,64,74,84,94,93,92,91,90,80,70;44,43,42,52,62,72,82;56,66,65,75,85,95,96,97,98,99,89,79,69,59,49,39,29,19,18,17,16,15,14;9,8,7,6,5,4,3,13,23,24,25,26;77,67,57;28,38,48,58,68,78,88,87,86,76;81,71,61,60,50,40,30,20,10,0,1,2,12,22,32,33,34,35,36,37,27
10,0,0,8;11,21,31,41,42;52,51,50,40,30,20,10,0,1,2,12,22,32,33,43,44;26,27,37,47,57,67,77,76,86,85;63,64,65,66,56,46,36;14,15,25;75,74,84,83,82,81,71;53,54,55,45,35,34,24,23,13,3,4,5,6,7,8,9,19,29,39,49,59,69,79,89,99,98;16,17,18,28,38,48,58,68,78,88,87,97,96,95,94,93,92,91,90,80,70,60,61,62,72,73
10,0,0,10;63,53,54,55,45;40,50,60,70,80,90,91,92,93,94,95,96,97,98,99,89,79,69,59,49,39,29,19,9,8,7,6,5,4,14,24,25,26,27,37,47,57,67,77,76,75,65;32,33,23,13,3;41,31,30,20;64,74,73,83;81,71,61,51,52,42,43,44,34,35,36,46,56,66;62,72,82;0,1,2,12;84,85,86,87,88,78,68,58,48,38,28,18,17,16,15;22,21,11,10
10,0,0,9;13,23,22,32,42,52,62,72;48,38,39;73,63,53,43,33,34,24,14,4,5,6,7,8,9,19,29;55,65,66,67;15,25,35,45,44,54,64,74,75,76,77;49,59,69,79,89,99,98,97,96,95,94,93,92,91,90,80,70,60,50,40,30,20,10,0,1,2,3;12,11,21,31,41,51,61,71,81,82,83,84,85,86,87,88,78,68;17,16,26,36,46,56;58,57,47,37,27,28,18
10,0,0,11;43,53,63;19,9,8,7,6,5;79,89,99,98,97,96,95,94,93,92,91,90,80,70,60,50,40,30,20,10,0;49,59,69;64,65,66,56,46,45,35,25,24,23,13;74,75,76,77;29,39,38,48,58;1,11,21,31,41,51,61,71,81,82;26,27,28,18;42,52,62,72,73,83,84,85,86,87,88,78,68,67,57,47,37,36;17,16,15,14,4,3,2,12,22,32,33,34,44,54,55
10,0,0,7;56,55,65,75,76,77,78,68,58,48,38,37,36,35,34,33,23,13,12,11,10,0;1,2,3,4,5,6,7,8,9,19,29,39,49,59,69,79,89,99,98,97,96,95,94,93,83,73,63,53,43,42;66,67,57,47,46,45,44,54,64,74,84,85,86,87,88;81,71,61,60,50,40,30,20,21;18,17,16,15,14;24,25,26,27,28;22,32,31,41,51,52,62,72,82,92,91,90,80,70
10,0,0,11;63,64,74,84,94,95,96,97,98,88,78,68,58,48,38,39,29,19,9,8,7,6,5,4,3,13;60,70,80,90,91;23,24,34,35,36,46,56,66,76;28,18,17,16;99,89,79;93,83,73,72,62;14,15,25,26,27,37,47,57,67,77,87,86,85,75,65;69,59,49;2,1,0,10,20,30,40,50,51,61,71,81,82,92;12,11,21,31,41,42,52,53,54,55,45;44,43,33,32,22
10,0,0,12;18,17,27,37,47;88,78,68,67,66,65;92,91,90,80,70,71,72,73,63,53,43;13,3,4,5,6,7,8,9,19,29,39,49,59,69,79,89,99,98,97,96,95,94,93,83,82,81;62,52,42,32,33,34,44;45,35,25;28,38,48,58,57,56,46,36,26,16,15,14,24,23;22,12,2;1,11,21,31,41,51;75,76,77,87;0,10,20,30,40,50,60,61;86,85,84,74,64,54,55
10,0,0,8;51,50,60,70;82,83,84,74;67,77,76,75;31,21,11,12,13,14,15,16,17,18,28,38,48,58,68,78,88,87,86,85,95,94,93,92,91,90;72,73,63,64,54,44;57,47,37,27,26,25,24,23,22,32,42,41,40,30,20,10,0,1,2,3,4,5,6,7,8,9,19,29,39,49,59,69,79,89,99,98,97,96;45,55,65;66,56,46,36,35,34,33,43,53,52,62,61,71,81,80
10,0,0,11;56,57,67,77,76,86,85,84,83,93,92,91,81,71,61,62,63,64;4,3,2,1,0,10,20,30,40;19,9,8,7,6,5,15,14,13,23,22,32;27,26,25,24,34,44;29,28,18,17,16;31,21,11,12;82,72,73,74,75,65,66;58,68,78,88,87,97,96,95,94;39,38,37,36,35,45,55,54,53,52;98,99,89,79,69,59,49,48,47,46;33,43,42,41,51,50,60,70,80,90
10,0,0,9;87,77,67,66,65,64,63,62,61,60,50;88,78,68,58,57,47,37,27,17,16,15,25,24,23,22,21,11;81,82,83,84,85,86;48,38,28,18,8,7,6,5,4,3;33,34,35,45;40,41,51,52,53;31,30,20,10,0,1,2,12,13,14;32,42,43,44,54,55,56,46,36,26;76,75,74,73,72,71,70,80,90,91,92,93,94,95,96,97,98,99,89,79,69,59,49,39,29,19,9
10,0,0,10;77,76,75,74,73,72,82,92,91,90,80,70,60,50,51;18,17,27,37,36,35,45,55,56,57,58,68,78;81,71,61,62,52,42,41,40,30,20,10,0,1,2,3,4,5,6,7,8,9,19,29,28,38,48,47,46;43,33,32,31;12,13,14,15,16;63,64,65,66,67;93,94,95,96,97,98,99;26,25,24,34,44,54,53;23,22,21,11;39,49,59,69,79,89,88,87,86,85,84,83
10,0,0,10;90,91,81,71,61,62,63,53,43,33,23,13,3,4;55,56,57;77,76,75,65;89,99,98,97,96,95,94,93,92,82,72,73,74,64,54,44,45,46,47;11,21,22,32,42,52;58,48,38,28,18,17,16,26,25;79,78,88,87,86,85,84,83;27,37,36,35,34,24,14,15,5,6,7,8,9,19,29,39,49,59,69,68,67,66;80,70,60,50,40;12,2,1,0,10,20,30,31,41,51
10,0,0,8;35,45,55,54,53,43,42,32,22,12,13,14,15,16,17,18,28;8,9,19,29,39,38,37,27,26,25,24,23;67,77,76,75,85,84,83;61,60,50,40,30,20,10,0;36,46,47,48,49,59,69,79,89,99,98,97,96,95,94,93,92,82,81;91,90,80,70,71,72,73,74,64,65,66,56,57,58,68,78,88,87,86;7,6,5,4,3,2,1,11,21,31,41,51,52,62,63;44,34,33
10,0,0,11;85,75,65,55,56,57;44,34,33,23,22;68,67,66,76,86,87,88,89,99;72,73,74,64,54,53,43,42,41,40,30,20,10,0,1,2,3,4,5,15,16,17,27;32,31,21;52,51,50,60,70,80,90,91,92,93,94,95,96,97,98;46,45,35,25,24,14,13,12,11;6,7,8,9,19,29,39,49;84,83,82,81,71,61,62,63;18,28,38;26,36,37,47,48,58,59,69,79,78,77
10,0,0,10;37,36,46,56,66;71,81,82,83;1,0,10,20,30,40,50,51,52,53,63,73,74,84,85,86,87,88,78;76,77,67,57,58,59,49,39,29,19,9,8,7,6;2,3,13,23,33,34,35,45,55,65,75;32,22,12;72,62,61,60,70,80,90,91,92,93,94,95,96,97,98,99,89,79,69,68;4,14,24,25,26,27;11,21,31,41,42,43,44,54,64;47,48,38,28,18,17,16,15,5
10,0,0,11;89,79,69,59,49,48,47,46;99,98,88,78,77,67,66,65,64,74,84,83,82,81;86,87,97;53,63,73,72,71,61,51,41,31,32,22;96,95,94,93,92,91,90,80,70,60,50,40,30,20,21,11,12,13,14,15,16,26,36,37,38,39,29,19,9;27,17,7,6,5,4,3,2,1,0,10;68,58,57,56,55;8,18,28;76,75,85;23,24,25,35,45,44,54;62,52,42,43,33,34
10,0,0,11;28,29,39,49,59,69,79,89,88,87;18,17,27;14,4,3,2,1,0,10,20;37,38,48,58,68,78,77;22,32,33,43,53,63,64,65,66,67,57,47,46,45,35;40,50,60,70,80,90,91,92,93,94,95,96,97,98,99;21,11,12,13,23,24,25,15,5,6,7,8,9,19;85,84,83,82,81,71,61,51,41,31,30;56,55,54,44,34;36,26,16;42,52,62,72,73,74,75,76,86
10,0,0,8;47,48,38,28;63,53,43,33,34,35,25,15,5,4,3,2,1,0,10,20,30,40,50,60,70,80,90,91,92,93,94,95,96;13,12,11,21,31,41,51,61,71,81,82,83,84,85,86;67,77,87,97,98,99,89,79,69,59,49,39,29,19,9,8,7,6,16,26,36,46,45,44,54;14,24,23,22,32,42,52,62,72,73,74;88,78,68,58,57,56,55,65,64;37,27,17,18;75,76,66
10,0,0,10;43,42,32;24,25,26,27,37,47,57,67,77,87,86;95,94,93,83,73,63,53,54,44,45,35;70,80,90;75,76,66;36,46,56,55,65,64,74,84,85;92,82,72,62,52,51,41,31,21,11,1,2,3,4,5,6,7,8,9,19,29,39,49,59,69,79,89,99;22,23,33,34;0,10,20,30,40,50,60,61,71,81,91;12,13,14,15,16,17,18,28,38,48,58,68,78,88,98,97,96
10,0,0,9;11,12,22,32,42,43,53,63,64,65,55,45,46,36,37,38,28,18;47,48,49,39,29,19,9,8;92,93,94,95,96,97,98,88,78,68;35,25,15,16;90,91,81,82,83,84,85,86,87,77,67;21,31,41,51,52,62;61,60,50,40,30,20,10,0,1,2,3,13,23,33;54,44,34,24,14,4,5,6,7,17,27,26;99,89,79,69,59,58,57,56,66,76,75,74,73,72,71,70,80
10,0,0,10;96,97,87,88,78,68,58,48,38,28,18;42,32,33,34;2,1,0;71,61,51,41,31,21,22;90,80,70,60,50,40,30,20,10,11,12,13,23;24,14,4,3;91,92,93,94,95,85,86,76,77,67,57,47,37,27,17;98,99,89,79,69,59,49,39,29,19,9,8,7,6,5,15,25,35,45,55,54,64,63,73,72,82,81;44,43,53,52,62;16,26,36,46,56,66,65,75,74,84,83
10,0,0,9;90,91,92,93,94,95,96,97,98,99,89,79,69,59,49,39,29,28,18,17;55,45,35,25;5,6,7,8,9,19;53,54,44,34,24;27,37,47,57,67,77,76,75,74,73,72,71,61,51,41;2,3,4,14,15,16,26,36,46,56,66,65,64,63;32,31,30,40,50,60,70,80,81,82,83,84,85,86,87,88,78,68,58,48,38;62,52,42,43,33,23,13,12,11,1;0,10,20,21,22
10,0,0,9;11,21,31,41,51,61,60,70,80,90;73,63,53,54,55,56,57,67,77,76,86,96,97,98,99,89,79,69,59,49,39,29,19,9,8,7,6,5,4,3,2,12,22,32,33,34,35,36,37;50,40,30,20,10,0,1;71,81,91,92,93,94;87,88,78,68,58,48,47,46,45,44,43,42,52,62,72,82,83,84;27,26,25,24,23;75,85,95;38,28,18,17,16,15,14,13;66,65,64,74
10,0,0,8;22,23,33,43,53,63,73;49,59,69;45,35,25,15,16;81,71,61,51,41,31,21,11,12,13,14,24,34,44,54,55,56,46,36,26,27,17;37,47,57,67,77,87,88;32,42,52,62,72,82,83,84,74,64,65,66,76,86,96,97,98,99,89,79,78,68,58,48;75,85,95,94,93,92,91,90,80,70,60,50,40,30,20,10,0,1,2,3,4,5,6,7,8,18,28,38;39,29,19,9
10,0,0,10;5,15,25,26,27,28;68,67,66,65,64,63,62,72,82,83,84,85,86;90,80,70,60,50,40,30;38,37,36,35,34,24,14,4,3,2,1,0,10,20,21,22,32,42,52,53,54;57,56,55,45,44,43,33,23,13,12,11;98,99,89,79,78,77,76,75,74,73;31,41,51,61,71,81,91,92,93,94,95,96,97,87,88;46,47,48,58,59,69;6,7,8,9,19,29,39,49;16,17,18
10,0,0,10;84,83,73,72,62,52,42,43,44,54,55,56,46,36,26,27;82,81,71,61,51,41,31;0,1,2,3,4,14,15,16;45,35,34,33,32,22,21,20,30,40,50,60,70,80,90,91,92,93,94,95,85,75,74,64,63,53;5,6,7,8,9,19,29,39,49,59,69,79;99,98,97,87,77,67,66,65;48,58,68,78,88,89;10,11,12,13,23,24,25;57,47,37,38,28,18,17;76,86,96
10,0,0,12;51,50,60,70;23,13,12;27,37,47,57,56,55,54,53,52,62,61,71;91,92,93,94,95,96,97,98,99,89,79,69,59,49,39,29,19,9,8,7,6,5,4,3,2,1;83,84,74,75,76,77;31,32,33,34,35,25;0,10,20,30,40,41,42,43,44,45,46,36,26;85,86,87;48,38,28,18,17,16,15,14,24;88,78,68,58;67,66,65,64,63,73,72,82,81,80,90;11,21,22
10,0,0,9;18,28,38,48;35,34,33,43,53,54,55,65,75,74,73;89,79,69,68,67,77,87,97,96,95,94,93,92,91,90,80,70,60,50,40,30,20,10,0,1,2,3,4,5,6,16,26,36;39,49,59,58,57,56,46,45,44;78,88,98,99;64,63,62,72,82,83,84,85,86,76,66;29,19,9,8,7,17,27,37,47;25,15,14,13,12,11,21,31,41;24,23,22,32,42,52,51,61,71,81
10,0,0,10;68,58,48,38,28,18;46,36,26,25,15;84,85,86,87,88;44,54,64,65,66,67,77,78,79,69,59,49,39,29,19,9,8,7,6,5,4,3,2,1,0,10,20,30,40,50,60,70,80,90,91,92;76,75,74,73,72,71,61,51,41,31,21,11,12,13,14,24;16,17,27,37,47,57,56,55,45,35,34;94,95,96,97,98,99,89;23,22,32,42,52;33,43,53,63,62;81,82,83,93
10,0,0,9;26,25,35,45,44,43,42,41,51,61,71;1,11,12;0,10,20,21,22,23,13,14,15,16,17,18,28;90,91,92,93,83,73,74,75;88,87,86,85;27,37,47,57,67;84,94,95,96,97,98,99,89,79,69,59,49,39,29,19,9,8,7,6,5,4,3,2;38,48,58,68,78,77,76,66,65,64,63,62,72,82,81,80,70,60,50,40,30,31,32,33,34,24;36,46,56,55,54,53,52
10,0,0,8;74,73,72,71;91,92,93,94,95,96,86,76,66,56,55,54,53,52,42;16,15,14,13,12,11,10,0;57,67,77,87,97,98,99,89,79,69,59,49,39,29;19,18,17,27,26,25;9,8,7,6,5,4,3,2,1;28,38,37,36,35,34,24,23,22,21,20,30,40,50,60,70;90,80,81,82,83,84,85,75,65,64,63,62,61,51,41,31,32,33,43,44,45,46,47,48,58,68,78,88
10,0,0,8;87,77,67,57,47,37,27,26;72,73,74,75,65,55,45,46,36;99,98,88,78,68,58,48,38,28,18,17,16,15,14,4,3,2,1,0,10,20,30,40,50,60;70,80,90,91,92,93,94,95,96,97;89,79,69,59,49,39,29,19,9,8,7,6,5;22,32,33,43,53;25,24,23,13,12,11,21,31,41,51,61,71,81,82,83,84,85,86,76,66,56;42,52,62,63,64,54,44,34,35
10,0,0,10;47,48,58,68,78,88,87,86,85,84,74,64,54,53,43,33,32,31,21,11,12,13,14;81,71,61,51;50,60,70,80,90,91,92,82,72,62,52,42,41;76,75,65,55,45,44;15,25,26,27,37,38;63,73,83,93,94,95,96,97,98,99,89,79,69,59,49;57,67,77;40,30,20,10,0,1,2,3,4,5,6,7,8,9,19;66,56,46,36,35,34,24,23,22;16,17,18,28,29,39
10,0,0,11;38,28,27,26;87,77,78,68,58,48,47;53,54,55,45,35,25;0,1,11;99,89,79,69,59,49,39,29,19,18,17,16,15,14;63,64,65;67,66,76,86,85,84,83,82,81,71,61,51,41,31,32,33,23,13;30,40,50,60,70,80,90,91,92,93,94,95,96,97,98,88;24,34,44,43,42,52,62,72,73,74,75;10,20,21,22,12,2,3,4,5,6,7,8,9;37,36,46,56,57
10,0,0,10;77,76,66,65,64,54,53;61,71,72,73,63;28,18,17,16,15,14,24,34;90,91,92,93,94,95,96,97,98,99,89,79,69,59,49,39,29,19,9,8,7,6,5,4,3,13,23,33;74,75,85,86,87,88,78,68,58,48,47,46,36;62,52,51,41,31,21,11;2,1,0,10,20,30,40,50,60,70,80;81,82,83,84;12,22,32,42,43,44,45,35,25,26,27,37,38;67,57,56,55
10,0,0,9;21,31,41,51,61,62,72,82,92,91,90,80;78,77,76,75,65,55,45,44,43;59,49,39,29,19,9,8,7,6,5,4,3,2,1,0,10,20,30,40,50,60,70,71,81;83,93,94,95,96,97,98,99,89,79;69,68,67,66,56,46,36,35,34,33,32,22;88,87,86,85,84,74,64,54;73,63,53,52,42;47,37,27,26,25,24,23;11,12,13,14,15,16,17,18,28,38,48,58,57
10,0,0,11;41,31,32,33,34,35,25,15,14,13,12;74,84,83,82,72,62,61,60,70,80,90;77,76,66,56,55;87,86,85,75,65,64,54,44,43,42;11,21,22,23,24;9,8,7,6,5,4,3;45,46,47,57,67,68,69,59,49,39,29,28,27;2,1,0,10,20,30,40,50,51,52,53,63,73;99,89,79;19,18,17,16,26,36,37,38,48,58;78,88,98,97,96,95,94,93,92,91,81,71
10,0,0,10;38,39,49,59,69,79,89,99,98,97,96,95,85,75;63,64,74,84;3,4,5,6,7;88,87,77,67,57,56,46,36,26,16,17,18,8,9;20,10,0,1,2,12,13,14,24,34,44,54,53,52,62,72,73,83;43,33,23,22,21,11;86,76,66,65,55,45,35,25,15;82,81,71,61,51,41,42,32;19,29,28,27,37,47,48,58,68,78;94,93,92,91,90,80,70,60,50,40,30,31
10,0,0,9;64,63,62,72;3,4,5,6,7,8,9,19,29,39,49,59,69,79,78,88,87,86,85,84;48,38,28,18,17,16,15,14;89,99,98,97,96,95,94,93,83,73,74,75,76,77;1,11,21,22,32,33,34,35,36;68,67,66,65,55,54,53,52,51,61,71,81;56,46,45,44,43,42,41,31,30,20,10,0;82,92,91,90,80,70,60,50,40;2,12,13,23,24,25,26,27,37,47,57,58
10,0,0,11;73,83,93,92,91,90,80,70,60;31,32,33,43,44,45;85,75,76,77,78,68,58,48,38,28,18,17,16,15,14,13,12,11,21;86,87,88;34,35,36,46;22,23,24,25,26,27,37,47;56,55,54,53,63;72,62,52,42,41;98,99,89,79,69,59,49,39,29,19,9,8,7,6,5,4,3,2,1,0,10;20,30,40,50,51,61,71,81,82;57,67,66,65,64,74,84,94,95,96,97
10,0,0,12;11,12,13,23,24,25,15,5,6,7,17,27,37,47;16,26,36,46,45,44,43,53,63;19,9,8;88,78,77,76,75,85,84,83,82,81,71,70,60,50,40,30,20,10,0,1,2,3,4,14;61,51,41,31;57,67,68;65,66,56;35,34,33;38,48,58;18,28,29,39,49,59,69,79,89,99,98,97,87,86;96,95,94,93,92,91,90,80;21,22,32,42,52,62,72,73,74,64,54,55
10,0,0,10;63,62,72,82,81,80;25,26,16,17,18,28,38,48,58,68,78,88,87,86,85,84,94,93,92,91,90;45,44,43,42,32,22,12,13;30,20,10,0,1,2,3,4,14,24,23;75,76,66,56,46,36,35,34,33;77,67,57,47,37,27;95,96,97,98,99,89,79,69,59,49,39,29,19,9,8,7,6,5,15;55,65,64,74,73,83;61,51,52,53,54;71,70,60,50,40,41,31,21,11
10,0,0,10;81,71,61,51,41,31;14,15,16,17,18,28,38,39;20,30,40,50,60,70,80,90,91;11,21,22,32,42,43,44,45,46;35,34,33,23,13,12,2,1,0,10;66,65,64,63,73,83,93,94,95,96,97,98,99,89,79,69,59,49,48,47,37,27;74,75,76,77,67;92,82,72,62,52,53,54,55,56,57,58,68,78,88,87,86,85,84;29,19,9,8,7,6,5,4,3;24,25,26,36
10,0,0,10;51,41,40,30,20,10,0,1,2,3,4,5,6,7,8,9,19,29;67,68,58,48,47,37,27;82,81,71,61,62,52,53,54;72,73,83,93,92,91,90,80,70,60,50;11,21,31,32,42,43,44;13,14,15,16,17,18,28,38,39,49,59,69,79,78,77,76,66,56,57;63,64,74,84,94,95,96,97,98;99,89,88;87,86,85,75,65,55,45,35,34,33,23,22,12;46,36,26,25,24
10,0,0,9;34,24,25,26,27,37,47;35,36,46;88,78,68,58,48,38,28,18,17,16,15,5,4,3,2,12,11,21,31;55,65,64,63;56,66,76,75,74,73,72,62,61,51,41,42,43,33;71,81,82,83,84,85,86,87,77,67,57;1,0,10,20,30,40,50,60,70,80,90,91,92,93,94,95,96,97,98,99,89,79,69,59,49,39,29,19,9,8,7,6;32,22,23,13,14;52,53,54,44,45
10,0,0,11;23,33,43,53,63,73,83;51,52,42,32,22;96,95,94,93,92,82,72,62,61,60,70,80,90;27,26,25,24;50,40,30,20,10,0,1,2,3,4,5,6,7,8,9,19,29,39,49,59,69,79,89,99,98,97;45,35,36,37,47,57,58,68,78;34,44,54,64,74,84,85;41,31,21,11,12,13,14,15,16,17,18,28,38,48;86,76,75,65,55,56,46;88,87,77,67,66;91,81,71
10,0,0,8;17,27,26,25,24;46,56,66,65,64,63,62,61,71,81,82,83,84,85;97,87,77,67,57,47;5,4,3,2,1,0,10,20,30,40,50,60,70,80,90,91,92,93,94,95,96,86,76,75,74,73,72;33,34,35,36,37;23,22,32,42,43,44;99,89,79,69,59,49,39,29,19,9;45,55,54,53,52,51,41,31,21,11,12,13,14,15,16,6,7,8,18,28,38,48,58,68,78,88,98
10,0,0,9;57,67,77,76,75,85,84;49,59,69,79,89,99,98,97;7,8,9,19,29,39,38;15,14,13,12,11;52,42,43,44,45;90,80,70,60,50,40,30,20,10,0,1,2,3,4,5,6,16,17,18,28;55,54,53,63,73,83;82,72,62,61,51,41,31,32,33,34,35,36,46,56,66,65,64,74;71,81,91,92,93,94,95,96,86,87,88,78,68,58,48,47,37,27,26,25,24,23,22,21
10,0,0,9;83,73,63,64,65,55,45,35,25,15,14,13,23;88,78,68,58,48,38,28,18,19,9;0,10,20,30,40,50,60,70,71;44,43,42,41,31,21,11,1;61,62,72,82,81,80,90;95,96,97,98,99,89,79,69,59,49,39,29;74,75,76,66,56,46,36,26,16,6,5,4,3,2,12,22,32,33,34,24;8,7,17,27,37,47,57,67,77,87,86,85,84,94,93,92,91;51,52,53,54
10,0,0,10;99,98,97,96,95,94,93,92,91,81,71,61,51,41,40,30,20,10,0,1,2,3,4,5,6,7,8,18,28,38;69,79,89,88,87;24,25,26;50,60,70,80,90;11,12,13,14,15,16,17,27,37,47,48,49,39,29,19,9;21,22,23,33,34,35,36,46,56,66,65,64,54,53,52,62,72,82,83,84,85,86;67,57,58,59;76,77,78,68;55,45,44,43,42,32,31;63,73,74,75
10,0,0,9;17,18,28,38;57,67,68,78,88,87,86,85,84,83,93;43,42,41,31,21,11;58,59,69,79,89,99,98,97,96,95,94;92,91,90,80,70,60;82,81,71,61,62,63,64,54,44;27,37,47,48,49,39,29,19,9,8,7,6,5,4,3,13,23,24,25,35,45,55,65,75,74,73,72;53,52,51,50,40,30,20,10,0,1,2,12,22,32,33,34;77,76,66,56,46,36,26,16,15,14
10,0,0,9;37,36,35,25,24,23,22;47,48,38,28;72,73,74,75,76;40,30,20,10,0,1,2,3,4,5,6,7,8,9,19,29,39,49,59,69,79,78,77,67,66,65,55,54,44,34;89,99,98,97,96,95,94,93,92,91,90,80,70,60,50,51,41;45,46,56,57,58,68;16,15,14,13,12,11,21,31,32,42,52,62,61,71,81,82,83,84,85,86,87,88;18,17,27,26;64,63,53,43,33
10,0,0,8;62,72,73,74,75,76,77,67,57,47,48,38,28,18;69,79,89,99,98,97,96,95,94,93,92,91,90,80,70,60,50,40,41,42,43,44,54;59,58,68,78,88,87,86,85,84,83,82,81,71,61,51,52,53,63,64,65,66;21,11,12,13,14,15,25,26;7,8,9,19,29,39,49;22,23,24;16,6,5,4,3,2,1,0,10,20,30,31,32,33,34,35,45,55,56;17,27,37,36,46
10,0,0,8;96,95,94,93,92,91,90;82,81,80,70,60,50,40,30,20,10,0,1,2,3,4,5,6,7,8,9,19,29;44,45,46,47,57,67,77;97,98,99,89,79,69,59,49,39,38,37,36,35,34,33,43,53,54,55,56,66,76,86,85,84,83;15,16,17,18,28;23,22,32,42,52,62,63,64;65,75,74,73,72,71,61,51,41,31,21,11,12,13,14,24,25,26,27;87,88,78,68,58,48
10,0,0,12;6,16,26,36,46,47,48,38,28,18;35,45,55,54,53,52,51,61,60,70,80,90,91,92,93,94;44,43,33,23,22,21,31;32,42,41;25,15,5,4,3,2,1,0;87,97,98,99,89,79,69,59,49,39,29,19,9,8;71,81,82,83,84,85,95,96;34,24,14,13,12,11,10,20,30,40,50;86,76,77,67;88,78,68,58,57,56,66,65,75,74,73,72;37,27,17,7;62,63,64
10,0,0,8;17,18,28,38,37,47,46;10,11,21,31,41,51,61,71,81;66,67,68,78,88,87,86,85,84,83,82,72,62,52,42,32,22,12,13,14;77,76,75,65,55,56,57,58,48,49,39,29,19,9,8,7,6,16;23,33,43,53,63,73;74,64,54,44,34,24,25,15,5,4,3,2,1,0;27,26,36,35,45;59,69,79,89,99,98,97,96,95,94,93,92,91,90,80,70,60,50,40,30,20
10,0,0,10;83,82,81,71,61,51,41,42,43,44,45,46,36,26,27,28,38,48,58,68,67,66,65,64,63;97,98,99,89,79,69,59,49,39,29;95,96,86,87,88;35,25,24,23,22,21;78,77,76,75,85;18,17,16,15,14,13,12,11,10,20,30,40;19,9,8,7,6,5,4,3,2,1,0;94,84,74,73,72,62,52,53,54,55,56,57,47,37;34,33,32,31;50,60,70,80,90,91,92,93
10,0,0,10;76,75,74,73,72,62,61,51;27,26,25;52,42,41,40,50,60,70,80,90,91,92,93,94,95,96,97,98,99,89,79,69,59,49,39,29,19,9,8,7,6;23,22,21,20,10,0,1,2;5,4,3,13,12,11;37,36,35;54,55,56,57,58,68,78,88,87,86,85,84,83,82,81,71;24,34,33,32,31,30;53,43,44,45,46,47,48,38,28,18,17,16,15,14;77,67,66,65,64,63
10,0,0,10;94,93,92,91,90,80,70,60,50;36,26,16,17,18,28,38,48,58,57,56,55,54;14,24,34,33;23,13,3,4,5,15,25,35,45,44,43,53;77,76,75,74,73;27,37,47,46;6,7,8,9,19,29,39,49,59,69,79,89,99,98,97,96,95,85,84,83,82,72,62,52,42,32,31,21,11;63,64,65,66,67,68,78,88,87,86;0,1,2,12,22;81,71,61,51,41,40,30,20,10
10,0,0,11;32,42,52,62,72,73,83,84,85,86,87;82,81,71,61,51,41,31;37,38,28,18,17,16,15,25,35,45;63,64,65,66,67,68,58,48,49,39,29,19,9,8,7,6;99,98,97,96,95,94,93,92,91,90,80,70,60,50,40,30,20,21,22;10,11,12;27,26,36,46,47,57;59,69,79;0,1,2,3,13,23,33,43,53;74,75,76,77,78,88,89;56,55,54,44,34,24,14,4,5
10,0,0,10;65,55,45,35;41,31,21,11,1;58,57,67,77,76,75,74,64,54,44,34,24,25,26,27,28;15,14,13,23,33,43,53,63,73;83,93,94,95,96,97,98,99,89,79,69,59;84,85,86,87,88,78,68;47,48,49,39,29,19,9,8,7;0,10,20,30,40,50,60,70,80,90,91,92,82,72,62;66,56,46,36,37,38;18,17,16,6,5,4,3,2,12,22,32,42,52,51,61,71,81
10,0,0,9;9,8,7,6,5,4,14,13,12,11,21,31,41,51,61,62,63,64,74,75,76,77,67;3,2,1,0,10,20,30,40,50,60;59,49,48,38,28,27,26,25;39,29,19,18,17,16,15;22,23,24;52,42,32,33,34,35,36,37,47,57,58,68,69,79,89,99,98,97,96,95,94,93,92,91,90,80,70,71,72,73;78,88,87,86,85,84,83,82,81;65,55,54,53;43,44,45,46,56,66
10,0,0,11;75,76,66,56,46,36,35,25,24,23,22;83,82,81,71,61;98,99,89,79,69,59,49,39,29,19,9,8,7,6,5,4,3,2,1,0,10,20,30;87,86,85,84,74,73,72,62,52,51;42,32,33,34,44,45;57,67,77,78,88;47,37,27,26;15,14,13,12,11,21,31,41,40,50,60,70,80,90,91,92,93,94,95,96,97;54,53,43;55,65,64,63;16,17,18,28,38,48,58,68
10,0,0,10;38,28,27,26,25,35,45,46;66,65,64,63,62,72,71;18,19,29,39,49,59,69,79,89,99,98,97,96;50,40,30,20,10,0,1,2,3,4,5,6,7,8,9;53,43,33,23,13,14,15,16,17;73,83,82,81,80,70;52,42,32,22,12;24,34,44,54,55,56,57,67,77,76,75,74,84;60,61,51,41,31,21,11;36,37,47,48,58,68,78,88,87,86,85,95,94,93,92,91,90
10,0,0,10;70,60,61;40,50,51,52,53,43,33,34,24;12,11,21;36,46,56,55,65;25,35,45,44,54,64,74,75,85,95,96,97,98,99;26,27,37,47,57,67,66,76,86,87,88,89,79,69,59,49,39,29,19,9,8,7,6,5,4,3,2,1,0,10,20,30,31;63,73,83,82,81,80;84,94,93,92,91,90;41,42,32,22,23,13,14,15,16,17,18,28,38,48,58,68,78,77;62,72,71
10,0,0,9;16,26,36,46,56,55,54,44;91,90,80,70,71,72,73,74,75,76,66;83,84,85,86,87,88;65,64,63,53,43,33,34,24,14,13,12,11,21,31,41,51;9,19,29,39;45,35,25,15,5,4,3,2,1,0,10,20,30,40,50,60,61,62,52,42,32,22,23;17,27,37,47,57,58,68,69;59,49,48,38,28,18,8,7,6;67,77,78,79,89,99,98,97,96,95,94,93,92,82,81
10,0,0,10;61,71,81,82,83,84,85;40,30,20,10,0,1,2,3,4,5,6,7,8,9,19,29,39,49,59,69,79,89,99,98,97,87,77,76,75,65,64;74,73,72,62,52,42,43,33;31,21,11,12,13,14,24;66,67,57,47,37,27,26,25,35,45,55;15,16,17,18,28,38,48,58,68,78,88;63,53,54,44,34;23,22,32;41,51,50,60,70,80,90,91,92,93,94,95,96,86;56,46,36
10,0,0,8;14,15,16,17,18,28;38,48,58,68,78,88,87,86,85,95;0,10,11,12,13,23,24,34;36,46,56,55,54,53,43,33,32,22,21;1,2,3,4,5,6,7,8,9,19,29,39,49,59,69,79,89,99,98,97,96;66,65,64,63,73,83,82,81,71,61,51,41,31;20,30,40,50,60,70,80,90,91,92,93,94,84,74,75,76,77,67,57,47,37,27,26,25,35,45,44;72,62,52,42
10,0,0,9;67,77,76,75,74,73,72;23,24,25;20,30,40,50,51,52,53,63,64,65,66;39,29,19,18,17,16;47,46,45,35,34,33,32,22,12,13,14,15;26,27,28;36,37,38,48,49,59,69,79,89,99,98,97,96,95,94,93,92,91,90,80,70,60;0,1,2,3,4,5,6,7,8,9;10,11,21,31,41,42,43,44,54,55,56,57,58,68,78,88,87,86,85,84,83,82,81,71,61,62
10,0,0,11;41,31,21,11,1,2,3,4,5,6,7,8,9,19,29,39,49,59,69;84,85,86,76,66,56,46,36;60,61,71,81,82,83,73,74,75,65,55,45,35;99,98,97,96,95,94;17,16,15,14,13,23,33,43,53;38,48,58,68,78,79;70,80,90,91,92,93;0,10,20,30,40;18,28,27,26,25,24,34,44,54,64,63,62,72;50,51,52,42,32,22,12;37,47,57,67,77,87,88,89
10,0,0,8;40,41,42,43,33,34;25,24,23,22,32,31,30,20,10,0,1,2,3,4,5,6,7,8,9,19,29,39,49,59,69,79,89,99,98,97,87;85,84,83,82,81;77,76,86,96,95,94,93,92,91,90,80,70,71,61,62,63,64;88,78,68,67,66,56,46,47,37,27;60,50,51,52,53,54,44;21,11,12,13,14,15;57,58,48,38,28,18,17,16,26,36,35,45,55,65,75,74,73,72
10,0,0,9;57,47,37,27,26;72,73,63,53,54,55,56;0,1,2,12,13,14,15,16,17,18,28,38,48,58;36,46,45,44,43,42,52,62;3,4,5,6,7,8,9,19,29,39,49,59,69,79,78,88,87,86,96,95,94,93,92,91,90,80,70,60,50,40,30,20;10,11,21,22,23,24;25,35,34,33,32,31,41,51,61,71,81,82,83,84,74,64,65,66;68,67,77,76,75,85;89,99,98,97
10,0,0,10;73,63,53,54,44,45,46;76,77,87,88;43,33,34,35,36,37,47,48,58;16,17,18,28,38;71,72,62,52,42,32,22,23,24,25,26,27;86,96,97,98;64,74,84,83,82,81,80,70,60,50,40,30,20,10,0,1,2,3,4,5,6,7,8,9,19,29,39,49,59,69,68,67,66;15,14,13,12,11,21,31,41,51,61;57,56,55,65,75,85,95,94,93,92,91,90;99,89,79,78
10,0,0,10;73,63,64,54,55,45;84,74,75,76,77,67,57,47,37,27,26,25,24;1,2,3,4,5,6,7,8,9,19,29,39,49,59,69,79,89,99,98,97,96,95,94,93,92,91,90,80,70;34,35,36,46,56,66,65;0,10,11,12,13,14,15,16,17,18,28,38,48,58,68,78,88,87,86,85;31,30,40,50;83,82,81,71,61,60;22,21,20;51,41,42,32,33,23;72,62,52,53,43,44
10,0,0,11;85,86,87,88,78,68,58,48,38,39;31,30,20,10,0;35,34,33,23;50,51,61,71,81,82,83,73,63,64,54,55;84,74,75,65,66,56,46,36,26,25;29,28,27,37,47,57,67,77,76;21,11,1,2,3,4,5,6,7,8,9;49,59,69,79,89,99,98,97,96,95,94,93,92,91,90,80,70,60;19,18,17,16,15,14,24;72,62,52,53,43,44,45;40,41,42,32,22,12,13
10,0,0,9;15,14,13,12,11;81,71,61,60,50,40,30,31,32,42,43,44,34,24,25,26,16,17,18,28,38,48,58,57,67,66,65;96,95,94,93,92,91,90,80,70;45,35,36;79,89,99,98,97,87,77,76,75,74,73,63,53;64,54,55,56,46,47,37,27;20,10,0,1,2,3,4,5,6,7,8,9,19,29,39,49,59,69,68,78,88;86,85,84,83,82,72,62,52,51,41;33,23,22,21
10,0,0,11;13,23,33,34,35;79,69,59,49;78,77,76,66,56,46,36,26,25,24;80,70,60,50,40,30,20,10,0,1,2,3,4,5,6,7,8,9,19,29,39,38,48,58,68;99,98,97,96,95,94,93,92,82,72,73,74,64,54,53,52,51,41,31,21,11,12;67,57,47;14,15,16,17,18;22,32,42,43,44,45,55,65,75,85,84,83;63,62,61,71,81,91,90;37,27,28;89,88,87,86
10,0,0,10;12,2,3,4,5,6;10,20,30,40,41,42,52,62,72,82,83,84,85,75,65,64,54,44,34,24;87,77,67,57,47;55,45,35,25;90,80,70,60,50,51;95,94,93,92,91,81,71,61;18,28,38,48,58,68,78,88,98,97,96;86,76,66,56,46,36,37,27,17,7,8,9,19,29,39,49,59,69,79,89,99;31,32,33,43,53,63,73,74;26,16,15,14,13,23,22,21,11,1,0
10,0,0,10;0,10,20,30,40,50,60,70,80,90,91,92,93;45,35,36,26,16,17;78,77,67,57,56,46;47,37,27,28,18,8,7,6,5,15,25,24,34;81,82,72,62,52,42,32,22,12,2,3,4;94,84,83,73;71,61,51,41,31,21,11,1;88,87,86,76,66,65,55,54,44,43,33,23,13,14;53,63,64,74,75,85,95,96,97,98,99,89,79,69,59,49,39,29,19,9;68,58,48,38
10,0,0,9;63,62,72,82,83,84,85,86,87,88,98;73,74,75;65,55,45;97,96,95,94,93,92,91,90,80,70,60,50,40,30,20,10,0,1,2,3,4,5,6,7,8,9,19,29,39,49,59,69,68,67;37,27,26,25,24,23,33;99,89,79,78,77,76,66,56,57,58;22,32,42,52,53,54,64;43,44,34,35,36,46,47;81,71,61,51,41,31,21,11,12,13,14,15,16,17,18,28,38,48
10,0,0,11;23,24,34,35,36;40,50,60,70,80,90,91,92,82,83,84,85,86,87,88;38,48,58,68,67;89,99,98,97,96,95,94,93;54,53,52,42;81,71,72,73,74,75,65,55,45,46;11,21,22;64,63,62,61,51,41;32,31,30,20,10,0,1,2,3,4,5,6,7,8,9,19,29,39,49,59,69,79,78,77,76,66,56,57,47,37,27,26,25;12,13,14,15,16,17,18,28;33,43,44
10,0,0,11;6,5,4,3,2,1,0;85,84,83,82,81,71;19,29,39,49,59,69,79,89,99,98,97,87;21,31,32,33,34,35,36,37,27;88,78,68,58;51,50,60,70,80,90,91,92,93,94,95,96,86,76,77,67,57,56,55,54;9,8,18,28,38,48,47,46,45,44,43,42,41,40,30,20,10,11,12,22,23,24,25,26;66,65,64,63,53,52;7,17,16,15,14,13;75,74,73;72,62,61
10,0,0,10;10,20,21,31,41,51,52,53,54,55,56,66,76,86,85,84,74;0,1,11,12,22,32,42,43,44,45,46,47,57,67,77,87;99,89,79,69,59,49,39,29,19,9,8,7,6,5,4;75,65,64;17,16,15;81,82,92;72,71,61,60,50,40,30;91,90,80,70;62,63,73,83,93,94,95,96,97,98,88,78,68,58,48,38,37,36,35,34,33,23,13,3,2;14,24,25,26,27,28,18
10,0,0,8;33,34,24,25,26,16,6,5,4,3,2,12,11,21;15,14,13,23,22,32,31,30,40,50,60,70,80,81,82,83,73,63,64,65,75,76,77;49,39,29,19;35,36,37,27,17,7;1,0,10,20;90,91,92,93,94,95,96,97,98,99,89,79,69,59,58,57,47,46,45,44,43,42,41,51,61;71,72,62,52,53,54,55,56,66,67,68,78,88,87,86,85,84,74;48,38,28,18,8,9
10,0,0,10;30,40,50,60,70,80,90,91,92,93,94,95,96,97,98,99,89,79,69,59,49,39,38,37,36;55,56,57,67,77,76,86,85,84,83,82,81,71;63,53,52,42,32,31;24,23,22,21;66,65,75,74;11,12,13,14,15,16,17,18;20,10,0,1,2,3,4,5,6,7,8,9,19,29,28,27,26,25,35;41,51,61,62,72,73;87,88,78,68,58,48,47,46,45,44,54,64;43,33,34
10,0,0,10;76,75,74,73,63,53,54,44,34,33;64,65,55,56,46,36,26,16,15,14,13,12,11;52,51,50,40;66,67,77,87,86,85,84,83,82,81,71;45,35,25,24,23;72,62,61,60,70,80,90,91,92,93,94,95,96,97,98,99,89,79,69,59,49,39,29,19,18,17,27,37,47;28,38,48;88,78,68,58,57;9,8,7,6,5,4,3,2,1,0,10,20,21,22,32;43,42,41,31,30
10,0,0,10;16,26,27,37,47,57;31,21,11,1,0;95,94,93,92,91,90,80,70,71,72,73,63,64,65,66,67,77;2,12,22,32;45,44,34,24;10,20,30,40,41,51;96,97,98,99,89,79,69,59,49,39,29,19,9,8,7,6,5,4,3,13,23,33,43,42;14,15,25,35,36,46,56,55,54,53,52,62,61,60,50;85,86,87,88,78,68,58,48,38,28,18,17;81,82,83,84,74,75,76
