5,0,0,5;21,16,11,6,7;18,17,12;20,15,10,5,0,1,2;9,14,19,24,23,22;4,3,8,13
5,0,0,4;12,17,18,19,24;20,21,22,23;9,4,3,2,1,0,5,10,15;16,11,6,7,8,13,14
5,0,0,4;0,1,2,7,8;13,18,17,16;3,4,9,14,19,24,23,22,21,20,15,10,5;6,11,12
5,0,0,4;19,24,23,22,21,20;18,17,16,15,10,5,6,7,8;13,12,11;0,1,2,3,4,9,14
5,0,0,4;12,13,8,3,2;19,14,9,4;7,6,11,16,17,18;1,0,5,10,15,20,21,22,23,24
5,0,0,4;0,1,2,3,4,9,14,19,18;24,23,22,17,16;21,20,15,10,5,6,7,8;11,12,13
5,0,0,4;20,21,22,17,18,13,8;1,0,5,10;12,11,16,15;23,24,19,14,9,4,3,2,7,6
5,0,0,4;4,9,14,19,24,23,22;20,15,10,11,12,7;0,5,6;1,2,3,8,13,18,17,16,21
5,0,0,3;4,9,14,19,18,17,16,11,6,7;8,13,12;24,23,22,21,20,15,10,5,0,1,2,3
5,0,0,5;13,12,11;21,22,23,24;19,18,17,16,15,20;8,7,6;10,5,0,1,2,3,4,9,14
5,0,0,6;11,16,21;22,17,12,7,6;24,19,14,9,4,3;2,1,0,5;23,18,13,8;10,15,20
5,0,0,5;24,23,22,21,20,15,10;5,6,7,12;0,1,2,3,4,9;18,17,16,11;8,13,14,19
5,0,0,5;12,13,14,19;1,6,7,8;0,5,10,15,20,21,22;9,4,3,2;24,23,18,17,16,11
5,0,0,5;20,21,22;6,11,16,17,18,23;9,8,7,12;24,19,14,13;4,3,2,1,0,5,10,15
5,0,0,5;21,22,17,12;11,10,5,0;2,3,4,9,14,19;20,15,16;1,6,7,8,13,18,23,24
5,0,0,4;8,7,6,5,10,15,20,21;23,22,17,16;0,1,2,3,4,9,14;24,19,18,13,12,11
5,0,0,4;9,8,7,6,5,10,15,20,21,22;4,3,2,1,0;23,24,19,14,13,12,11;16,17,18
5,0,0,5;24,19,18,13,8;17,12,7;1,6,11,16;2,3,4,9,14;23,22,21,20,15,10,5,0
5,0,0,5;5,10,15,20,21,22,23,24,19,14;0,1,6,11;13,8,9,4;3,2,7,12;16,17,18
5,0,0,4;0,1,6;16,11,12,7,2,3,4,9,14,19,24,23;8,13,18,17;22,21,20,15,10,5
5,0,0,5;18,17,16,11,6;1,0,5,10,15;4,3,2,7,12,13;23,22,21,20;24,19,14,9,8
5,0,0,5;16,21,20;5,0,1,2;15,10,11,6,7,8,3;19,24,23,22,17,12;4,9,14,13,18
5,0,0,4;22,23,24,19,14,9,4,3,2,7,12,11;5,10,15,20;21,16,17,18,13,8;6,1,0
5,0,0,4;2,3,4,9,14,19,24,23,22,21,16,11,12;8,13,18,17;20,15,10,5,0;1,6,7
5,0,0,5;6,7,8;5,0,1,2,3,4,9,14,19,24,23;18,17,22;21,20,15,10;16,11,12,13
5,0,0,4;15,16,17,18,19,14,9,4;1,2,3,8,13,12,11,10;7,6,5,0;20,21,22,23,24
5,0,0,4;4,9,14,19,24,23,22,21;6,7,2;12,11,10,5,0,1;3,8,13,18,17,16,15,20
5,0,0,4;4,3,2,1,0,5,10,15,20;13,18,19,24;21,16,11,6;23,22,17,12,7,8,9,14
5,0,0,5;9,14,19,24;20,21,22,17,12;0,5,10,15,16;4,3,2,1;23,18,13,8,7,6,11
5,0,0,3;0,5,6,7,8;16,17,18,13,14,9,4,3,2,1;12,11,10,15,20,21,22,23,24,19
6,0,0,5;0,6,12,18,19,25;27,33,34,35,29,23,17,11,5,4,3,2,1;24,30,31,32,26,20,21,22,28;15,14,13;16,10,9,8,7
6,0,0,5;12,6,7,8,9,15,21,20,26,25,24;18,19,13,14;0,1,2,3,4,10,16,22,28,27,33;5,11,17,23,29,35,34;32,31,30
6,0,0,4;5,4,3,2,1,0,6,12,13;21,15,9,8,7;17,23,29,35,34,33,32,31,30,24,18,19,20,14;25,26,27,28,22,16,10,11
6,0,0,5;31,30,24,18,12,6,0,1,2,8,9,15;32,33,34,35,29,23,17,11,5,4,3;14,20,26,27,28;21,22,16,10;7,13,19,25
6,0,0,3;25,19,20,14;13,7,8,9,10,16,22,28,34,33;15,21,27,26,32,31,30,24,18,12,6,0,1,2,3,4,5,11,17,23,29,35
6,0,0,4;5,11,10,16,15,21,20,19,13,7;4,3,9;17,23,29,35,34,33,32,31,30,24,18,12,6,0,1,2,8,14;22,28,27,26,25
6,0,0,4;2,1,0,6,12,13,19,25,26,27,28,22,16;5,4,3,9,15,21;18,24,30,31,32,33,34,35,29,23,17,11,10;7,8,14,20
6,0,0,5;31,30,24,18;5,4,3,2,1,0,6,12,13,14,20,21,27;33,32,26,25,19;35,29,23,17,11,10;7,8,9,15,16,22,28,34
6,0,0,4;0,6,12,13,14,8,9,10,16,22,28,27;25,26,20,21,15;7,1,2,3,4,5,11,17,23,29,35,34,33,32,31;30,24,18,19
6,0,0,5;13,7,8,9,10;30,24,18,12,6,0,1,2,3,4,5,11,17;20,14,15,16,22,23,29,35;28,34,33,32,31;21,27,26,25,19
6,0,0,5;14,15,21;20,26,27,28,22,16,10,9;2,1,0,6,12,18,24,30;31,25,19,13,7,8;3,4,5,11,17,23,29,35,34,33,32
6,0,0,5;34,33,32,26;35,29,23,17,11,5,4,3,2,1,0,6,12,18,24,30;31,25,19,20,21,27;8,9,10;7,13,14,15,16,22,28
6,0,0,6;4,5,11,17,23,29,35;10,16,22,28,34,33,32,31,30,24;19,13,7,8,9;18,12,6,0,1,2,3;14,20,26,25;15,21,27
6,0,0,5;9,3,4,5,11,17,23,29,35;0,1,2,8;6,7,13,14,15,21,27,26,25;24,30,31,32,33,34,28,22,16,10;20,19,18,12
6,0,0,6;17,23,29,35;14,15,16,22,28,34;26,25,24,18,12,6;4,3,2;30,31,32,33,27,21,20,19,13,7,1,0;5,11,10,9,8
6,0,0,6;9,15,21,27,28;26,25,19,13,7,1,0;11,17,23,29,35,34,33;32,31,30,24,18,12,6;5,4,10,16,22;3,2,8,14,20
6,0,0,6;3,9,8,7,13,19,25,26,27,28;2,1,0,6,12,18,24,30,31,32,33,34,35;29,23,22,21;11,5,4;17,16,10;15,14,20
6,0,0,6;5,11,17,16;31,25,19;35,34,28,27;29,23,22,21,15,9,8;10,4,3,2,1,0,6,12,18,24,30;33,32,26,20,14,13,7
6,0,0,5;16,22,28;25,19,13,12,6,0,1,2,3,4,5;18,24,30,31;10,9,15,21,27;11,17,23,29,35,34,33,32,26,20,14,8,7
6,0,0,5;14,20,26,27,28,29,35;34,33,32,31,30,24,18,12,6,0,1;25,19,13,7,8,2,3,4,5,11,17,16;10,9,15;21,22,23
6,0,0,5;3,4,5;25,19,13,7,8;11,17,23,29,35,34,33,32,31,30,24,18,12,6,0,1,2;9,10,16,22,21;28,27,26,20,14,15
6,0,0,5;25,26,27,28,22,16,10,9;15,14,8;1,7,13,19,20,21;24,30,31,32,33,34,35,29,23,17,11,5,4,3,2;0,6,12,18
6,0,0,5;15,9,8,2,1,0,6,12,18,24,30,31,32,33,34,28,22;21,20,14;35,29,23,17,16,10;7,13,19,25,26,27;11,5,4,3
6,0,0,6;15,9,8,7;28,34,35;5,11,17,23,29;33,32,31,30,24,18,12;19,25,26,27;6,0,1,2,3,4,10,16,22,21,20,14,13
6,0,0,5;4,5,11,17,23,29,28,27,21,20,14,13;10,16,22;35,34,33,32,31,30,24,18,12,6,0,1,2,3;7,8,9,15;26,25,19
6,0,0,6;27,21,15,9;35,34,33,32,26,25,19,13;22,16,10;31,30,24,18,12,6,7,8,14,20;2,1,0;28,29,23,17,11,5,4,3
6,0,0,5;28,22,21,20,14,8,7,6,12,18,24,30,31,32;5,11,10,16,15;13,19,25,26,27,33,34,35,29,23,17;0,1,2;4,3,9
6,0,0,5;32,26,27,28;15,14,8,7;13,19,25;20,21,22,16,10,9;33,34,35,29,23,17,11,5,4,3,2,1,0,6,12,18,24,30,31
6,0,0,5;23,17,11,5,4,3,2,1,0,6,12,18,24,30,31,32,26,27;35,34,33;21,20,19,25;15,14,13,7;29,28,22,16,10,9,8
6,0,0,3;29,35,34,33,32,31,30;14,15,21,22,23,17,11,5,4,3,2,1,0,6,12,18,24,25;16,10,9,8,7,13,19,20,26,27,28
7,0,0,6;39,40,33,26,19,12;30,23,24,17;8,9,16;35,42,43,44,45,46,47,48,41,34,27,20,13,6,5,4,3,2,1,0,7;28,21,14;15,22,29,36,37,38,31,32,25,18,11,10
7,0,0,7;45,38,31,30;39,40,33,26,19,12;29,36,37,44;10,3,2,1,8,15,22,23,24,25,32;0,7,14,21,28,35,42,43;18,17,16,9;46,47,48,41,34,27,20,13,6,5,4,11
7,0,0,8;36,37,30;28,29,22,15,8;9,10,11,12;46,47,48,41,34,27;40,33,26,19,20,13,6,5,4,3,2,1,0,7,14,21;16,17,18,25,32,39;35,42,43,44;23,24,31,38,45
7,0,0,5;12,11,10,9,16,23,30;13,6,5,4,3,2,1,8,15,22,29,36,37,38,39;0,7,14,21,28,35,42,43,44,45,46,47,40,33,32,31,24,17,18;48,41,34,27,20;25,26,19
7,0,0,5;0,1,2,3,4,11,18,25,32,31,30,23,16;33,40,39,38,37,36,29,22,15,8,9,10,17,24;7,14,21,28,35,42,43,44,45,46,47,48,41,34;13,20,27,26;6,5,12,19
7,0,0,5;17,10,11,12;30,31,32;9,16,23,24,25,18;27,34,41,48,47,46,45,44,43,42,35,28,21,14,7,0,1;2,3,4,5,6,13,20,19,26,33,40,39,38,37,36,29,22,15,8
7,0,0,6;17,18,19,20,13;26,25,24;22,15,8,9,10,11,12;6,5,4,3,2,1,0,7,14,21,28,35,42,43,44,45,46,47,48,41,34,27;16,23,30,31,32,33;29,36,37,38,39,40
7,0,0,7;1,0,7,14,21,28,35,36,37,30;5,6,13,20,27,34,41,48,47,46;9,10,17,24,23,22,29;8,15,16;39,32,25,18,11,4,3,2;12,19,26,33,40;31,38,45,44,43,42
7,0,0,7;21,14,7,0,1,2,3,10,11,12,19,26,33,40;23,22,15,8;20,27,34,41;4,5,6,13;39,32,25,18,17,16,9;36,37,38;48,47,46,45,44,43,42,35,28,29,30,31,24
7,0,0,7;7,0,1,2,3,4,5,6,13,20,27;39,40,41,34;8,9,10,17,24;18,25,32,31,30,23,16,15,14,21,28,35,42,43,44;11,12,19,26,33;37,36,29,22;38,45,46,47,48
7,0,0,7;45,46,47,48,41,34,27,20,13,6,5,4;3,2,9,8,15,22,23;1,0,7,14,21,28,29,30,37,44,43;16,17,10;42,35,36;11,18,25,24,31,38,39,40;12,19,26,33,32
7,0,0,6;21,14,7,0,1,2,3;4,11,12,19,26,33,40,39,38,37,36,29,22;30,23,16;15,8,9,10,17,24,31;32,25,18;5,6,13,20,27,34,41,48,47,46,45,44,43,42,35,28
7,0,0,7;43,36,29;48,47,40;41,34,33,32,39;46,45,38,31;22,15,8,9,10,11,12;16,17,18,19;42,35,28,21,14,7,0,1,2,3,4,5,6,13,20,27,26,25,24,23,30,37,44
7,0,0,5;33,26,19,12,11;23,24,31,38,37,36;10,9,8,15,22,29,30;48,47,46,45,44,43,42,35,28,21,14,7,0,1,2,3,4,5,6,13,20,27,34;16,17,18,25,32,39,40,41
7,0,0,6;47,48,41,34,27,20,13,6,5,4,3,2,1,0,7,14,21,28,35;18,17,16;46,39,40,33,26,25,24,23,30;19,12,11,10;9,8,15,22,29,36,37,38,31,32;42,43,44,45
7,0,0,6;14,21,22,23,30,31,32;33,40,39,38,37,36,29;24,25,26,19,12,5;1,2,9,10;6,13,20,27,34,41,48,47,46,45,44,43,42,35,28;3,4,11,18,17,16,15,8,7,0
7,0,0,5;9,16,17;14,21,28,29,30,31,32,25,18;7,0,1,2,3,10,11,12,19,26,33,40,39,38,37,36,35;42,43,44,45,46,47,48,41,34,27,20,13,6,5,4;8,15,22,23,24
7,0,0,6;43,44,37,38;16,17,18,25;24,31,32,39;45,46,47,40,33,26,19,12,11,10,9,8,15,22;48,41,34,27,20,13,6,5,4,3,2,1,0,7,14,21,28,35,42;36,29,30,23
7,0,0,4;5,6,13,20,27;18,11,4,3,2,1,0,7,14,21,28,35,42,43,44,45,46;48,41,34,33,32,31,30,23,16;12,19,26,25,24,17,10,9,8,15,22,29,36,37,38,39,40,47
7,0,0,7;9,16,17,24,25,26,27,20,13,12;35,42,43,44;0,7,14,21,28,29,36,37;10,3,2,1,8,15,22,23,30,31,38,45,46;6,5,4,11,18,19;32,39,40,47;48,41,34,33
7,0,0,6;36,29,22,15,8,9;32,33,34,41,48,47,46,45,44,43,42,35,28,21,14,7,0,1,2,3,4,5,6,13,20;11,12,19,26,27;40,39,38,37,30;31,24,25,18;23,16,17,10
7,0,0,7;36,37,38;10,17,16,23;26,19,12;3,2,1,0,7,14,21,28;9,8,15,22,29,30,31,24,25,18,11,4,5,6,13,20,27;40,39,32;33,34,41,48,47,46,45,44,43,42,35
7,0,0,6;6,13,20,27,34,41,48,47,46,45,44,43,42;10,11,18,25,32,31,30,23;37,36,29,22,15;38,39,40,33,26,19,12,5,4,3,2,1,0,7;35,28,21,14;8,9,16,17,24
7,0,0,5;6,13,12,11,10,9,8;5,4,3,2,1,0,7,14,21,28;42,35,36,29,22,15,16,17,18,19,26,33,40;43,44,45,38,31;37,30,23,24,25,32,39,46,47,48,41,34,27,20
7,0,0,6;38,37,36,29;31,30,23,22,15,8,9,10,3,4,5,6;16,17,24;11,18,25,32,39,46,45,44,43,42,35,28,21,14,7,0,1,2;12,13,20,27,34,41,48,47;19,26,33,40
7,0,0,7;40,39,38,31,30,23;12,19,26,33;3,4,11,18,17,16,15,22,29,36;0,1,2,9,10;32,25,24;37,44,45,46,47,48,41,34,27,20,13,6,5;8,7,14,21,28,35,42,43
7,0,0,6;25,18,11;4,3,10,17;6,5,12,19,26,33,40,39,38,37,30,23,16,9,2,1,0;14,21,28,35,42,43,44,45,46,47,48,41,34,27,20,13;32,31,24;36,29,22,15,8,7
7,0,0,5;36,37,38;13,6,5,4,3,2;40,33,26,25,18,17;8,15,22,29,30,31,32,39;1,0,7,14,21,28,35,42,43,44,45,46,47,48,41,34,27,20,19,12,11,10,9,16,23,24
7,0,0,7;6,5,12,19,18;0,7,14,21,28,35,42,43,44,37;36,29,22,15,8,1,2,3;38,45,46,47,40,33,26,27,20,13;39,32,31,30,23,16,9;34,41,48;25,24,17,10,11,4
7,0,0,5;19,18,17,16,15,22,29,36;39,40,33,26,25,24,23,30,37;0,1,8,9,10,11,12;32,31,38,45,44,43,42,35,28,21,14,7;2,3,4,5,6,13,20,27,34,41,48,47,46
8,0,0,8;44,36,28,27,26,34,42,50;17,18,19,20,21,29;53,52,51,43,35;9,10,11,12,13,14,22,30,38;37,45,46,54;39,47,55,63,62;61,60,59,58,57,49,41,33,25;31,23,15,7,6,5,4,3,2,1,0,8,16,24,32,40,48,56
8,0,0,7;4,5,6,14,22,21;3,2,1,9;54,46,38,30,29,28,27,26,34,42,50,51;56,48,40,32,24,16,8,0;7,15,23,31,39,47,55,63,62,61,53,45,37,36;35,43,44,52,60,59,58,57,49,41,33,25,17,18,19,20;10,11,12,13
8,0,0,8;0,8,16;53,52,51,50,49,41;63,55,47,46,45,44,43,42,34,33,25,24;32,40,48,56,57,58,59,60,61,62,54;28,29,30,22,14;23,31,39,38,37,36,35,27,26,18,17;1,9,10,11,19,20,21,13,5,6,7,15;12,4,3,2
8,0,0,5;9,10,11,12,13,14,15,23,31,39,47,55,54,53,45,37,29,28,27;34,33,41,49,50;26,25,24,32,40,48,56,57,58,59,51,43,42;46,38,30,22,21,20,19,18,17,16,8,0,1,2,3,4,5,6,7;63,62,61,60,52,44,36,35
8,0,0,7;53,45,37,29,21,20,12;57,49,50,51,52,44,36,28,27,19;56,48,40,32,24,16;0,1,2,10,18,26,34,35,43;8,9,17,25,33,41,42;11,3,4,5,13,14,22,30,38,46,54;6,7,15,23,31,39,47,55,63,62,61,60,59,58
8,0,0,6;49,50,51,52,53;38,37,36,35,34,33,25,17,9;14,13,21,20,19,11,3,2,1,0,8,16,24,32,40,48,56,57,58,59,60;41,42,43,44,45,46,54;31,39,47,55,63,62,61;12,4,5,6,7,15,23,22,30,29,28,27,26,18,10
8,0,0,8;4,5,6;2,10,18,19,20,21,22,23;41,33,25,17,9,1;63,55,47,39,31;3,11,12,13,14,15,7;42,34,26,27,28,29,30,38,46,54,62;56,57,58,59,60,52,44;0,8,16,24,32,40,48,49,50,51,43,35,36,37,45,53,61
8,0,0,8;50,42,34,35,36,37,38,30,22,14,13;0,1,2,10,18;3,11,19;16,24,32,40,48,56,57,58,59,60,61,62,63,55,47,39,31,23,15,7,6,5,4,12,20,21,29;46,54,53,52,51;49,41,33;8,9,17,25,26,27,28;45,44,43
8,0,0,6;3,11,19,27,28,36,44,52,53,54,46,38,30,22,14,13,5;42,41,33,25,17,9,10,2;18,26,34,35,43,51;45,37,29,21,20,12,4;57,56,48,40,32,24,16,8,0,1;6,7,15,23,31,39,47,55,63,62,61,60,59,58,50,49
8,0,0,8;52,44,36,28,20,12,11,10,9,17,25,24,32,40,48,56,57,58,50,42;30,31,39,47,55,63,62,61,53,45;60,59,51,43,35,27;14,6,5,4,3,2,1,0,8,16;54,46,38;7,15,23,22;19,18,26,34,33,41,49;13,21,29,37
8,0,0,8;49,41,33,34,35,36,28;18,17,16,8,0,1,2,3,4,5,6,7,15,23,31,39,47,55,63,62,61,60,59,58;53,52,51,50;9,10,11,12;57,56,48,40,32,24,25,26,27,19,20;13,14,22,30;42,43,44,45,46,54;21,29,37,38
8,0,0,8;29,21,20,12;27,19,18,17,9,1,2;43,42,41,49;35,34,33,32,40,48,56,57,58,59,60,61,62,63,55,47,39,31,30,22,14,13;0,8,16,24,25,26;45,44,36,28;50,51,52,53,54,46,38,37;10,11,3,4,5,6,7,15,23
8,0,0,7;46,54,53,52,51,50,49,41,33,25,24,16,8;0,1,9,10,11;32,40,48,56,57,58,59,60,61,62,63,55,47,39;17,18,26,34,42,43,44,45,37,38,30,31,23,15,7;6,14,22,21,29,28,36,35;5,13,12,20,19,27;2,3,4
8,0,0,8;30,38,37,45;13,12,11;33,25,17,16,8,0,1,2,3,4,5,6,7,15,23,31,39,47,46,54,53,52,44,36,28,20,19;34,42,41,49;48,40,32,24;29,21,22,14;56,57,58,50,51,43,35,27,26,18,10,9;55,63,62,61,60,59
8,0,0,7;44,36,28;43,35,34,33,32,24,16,8,0;54,46,38,30,22,14,13,12,11,10,18;57,56,48,40;2,3,4,5,6,7,15,23,31,39,47,55,63,62,61,60,59,58,50;51,52,53,45,37,29,21,20,19,27,26,25,17,9,1;49,41,42
8,0,0,7;54,46,38,30,22,21,20;17,9,1,2,3,4,5;56,57,58,59,60,52,44,36,35,34,26,18;6,14,13,12,11,10;0,8,16,24,32,40,48,49,50,51,43;7,15,23,31,39,47,55,63,62,61,53,45,37,29,28,27,19;25,33,41,42
8,0,0,6;33,41,42,43;34,35,36,44,45,46,38,30,22,14,13,12,11,10;2,3,4,5,6,7,15,23,31,39,47,55,63,62,61,60,59,58,57,56;25,26,27,28,29,37;21,20,19,18,17,9,1;0,8,16,24,32,40,48,49,50,51,52,53,54
8,0,0,8;56,57,58,59,60,61;53,52,51,50,49;9,17,18,26,27,28;62,63,55,47,39,31,23,22,14,13,12,11,10;15,7,6,5,4,3,2,1,0,8,16,24,32;45,44,43,42,41,40,48;19,20,21,29,30,38,46,54;25,33,34,35,36,37
8,0,0,7;33,34,35,27,28;54,55,47,39,31,23,15,7,6,5;4,12,13,14,22,30,38,46,45,53,52,51,59,58,57,56,48;50,49,41,40,32,24,25,26,18;10,9,17;16,8,0,1,2,3,11,19,20,21,29,37,36,44,43,42;63,62,61,60
8,0,0,6;21,20,28,27,26,25,17,9,1;51,52,53,54,46;38,30,22,14,13,12,11;19,18,10,2,3,4,5,6,7,15,23,31,39,47,55,63,62,61,60,59,58,50,42,43,44,45;29,37,36,35,34,33,41,49,57,56;48,40,32,24,16,8,0
8,0,0,7;32,24,16,8,0,1,2,3,4,5,6,7,15,23,31,39,47,55,63,62,61,60;59,58,57,49,41,33;53,54,46,38,30,22,14;44,36,28,20,19,18;27,35,43;56,48,40;52,51,50,42,34,26,25,17,9,10,11,12,13,21,29,37,45
8,0,0,8;61,60,59,58,57,56,48,40;13,14,22,30,38;28,27,19,18;51,52,53;55,63,62;36,37,29,21,20,12,11,10,9,17,25,26,34,42;50,49,41,33,32,24,16,8,0,1,2,3,4,5,6,7,15,23,31,39,47,46,54;35,43,44,45
8,0,0,6;16,17,9,10,11,12,13,14,22,30,38,46,54;40,48,56,57,58,59,60,61,62,63,55,47,39,31,23,15,7,6,5,4,3,2,1,0,8;28,29,37,45,53,52,51,50,49,41;36,44,43,42,34,33,32,24;21,20,19,18;25,26,27,35
8,0,0,6;3,4,5,13,14;11,12,20,21,22,23;36,35,34,26;30,38,46,54,53,52,51,50,49,41,33,25,17,9;31,39,47,55,63,62,61,60,59,58,57,56,48,40,32,24,16,8,0,1,2,10,18,19,27,28,29,37,45,44,43,42;6,7,15
8,0,0,7;18,26,27,28,29,30,22,14;4,3,2,10,9,17,25;35,43,44,45;40,48,56,57,58,59,60,61,62,63,55,47,39,31,23,15,7,6,5,13,21,20;12,11,19;34,42,50,51,52,53,54,46,38,37,36;1,0,8,16,24,32,33,41,49
8,0,0,7;59,58,57,56,48,40,32,24,16,17,9,10,11,12,13,14;61,53,45,44,43,42,34,33,25;41,49,50,51,52,60;28,29,30,31,39,47,55;63,62,54,46,38,37,36,35,27,26;8,0,1,2,3,4,5,6,7,15,23;22,21,20,19,18
8,0,0,6;25,24,32,40,48,56,57,58,59,60,61,62,63,55,47,39,31,23,15,7,6,5,4,12;1,9,10,18,26,27;21,29,37,45,44,43,42,34;2,3,11,19,20,28,36,35;17,16,8,0;33,41,49,50,51,52,53,54,46,38,30,22,14,13
8,0,0,6;7,6,5,4;54,46,45,44,43,42,34,33,25,17,16,8,0,1,2,3,11,19,20,28,29,30,31,23,15,14;52,60,59,58,57,56,48,40,32,24;22,21,13,12;41,49,50,51;53,61,62,63,55,47,39,38,37,36,35,27,26,18,10,9
8,0,0,8;54,46,38,37,36,44,52,60,59,58,57,56,48,40,32,24,16,17,18,19,20,12,4,3,2,1;15,14,22,30,29;35,34,42;28,27,26,25,33,41,49,50,51,43;7,6,5,13,21;11,10,9,8,0;45,53,61,62;63,55,47,39,31,23
8,0,0,7;50,49,41,33,25,26,27;52,53,54;0,1,2,3,4,5,6,7,15,23,31,39,38,37;42,34,35,36,28;30,29,21,20,19,18,17,16,24,32,40,48,56,57,58,59,60,61,62,63,55,47,46,45;44,43,51;8,9,10,11,12,13,14,22
9,0,0,8;66,65,64,63,54,45,36,27,18;9,0,1,2,3,4,5,6,7,8,17,26,35,44,53,62,71,80,79,78,77,76,75,74,73,72;37,38,47,48,57,58,67,68,69,70,61,52,43,34,25,16,15,14,13,12;19,28,29,30,39,40,49,50;10,11,20,21;31,32,41,42,51,60,59;33,24,23,22;56,55,46
9,0,0,8;56,47,38,29;59,50,41,32,31,30,39,48,57;65,64,55,46,37,28,19,20,21,22,23;10,11,12,13,14;8,17,26,35,44,53,62,71,80;33,24,15,6,5,4,3,2,1,0,9,18,27,36,45,54,63,72,73,74,75,66;40,49,58,67,76,77,78,79,70,61,52;7,16,25,34,43,42,51,60,69,68
9,0,0,9;31,22,13;45,36,27,18,9,0,1,2,3,4,5;34,43,52,61,60,59;58,49,50,51,42,33,24,25,16;72,63,54,55,46,37,38,29,20;77,76,75,74;28,19,10,11,12,21,30,39,40,41,32,23,14,15,6,7,8,17,26,35,44,53,62,71,70;73,64,65,56,47,48;80,79,78,69,68,67,66,57
9,0,0,8;18,9,0,1,2,3,4;15,16,17,8;19,10,11,12,21,30,39,38,37,46;24,25,26,35,44,53,62,71,80,79,78,77,76,75,74,73,72,63,54,45,36,27,28,29,20;55,64,65,66,67,68,69,70,61;56,57,58,59,60,51,52,43,34,33,32,23;42,41,50,49,48,47;7,6,5,14,13,22,31,40
9,0,0,6;70,61,52,43,34,25,16,15,14,13,12,21,30,31,40,49;22,23,32,41,50,59,68,77,76,75,74,73,64,55,46,37,28,19,10,11;20,29,38,39,48,57,58;47,56,65,66,67;72,63,54,45,36,27,18,9,0,1,2,3,4,5,6,7,8,17,26,35,44,53,62,71,80,79,78;24,33,42,51,60,69
9,0,0,9;22,31,30;29,28,37,46,47,56,57,66,75,74,73,72,63;65,64,55,54,45,36,27;15,16,17,26,35,44,53,62,71,80,79,78,77,76;8,7,6,5,14,23,32,33,42,51,60;1,0,9,18,19,20,21,12,13;40,41,50,59,68,69,70,61,52,43,34,25,24;10,11,2,3,4;67,58,49,48,39,38
9,0,0,9;15,24,23,22,31,30,39,48,57,66,67,68;54,63,72,73;50,59,58;69,60,51,42,43;75,76,77,78,79,80,71,62,53,44,35,26,17,8;74,65,56,47,38,29,20,21,12,13,14,5,6,7,16,25,34,33,32,41,40,49;1,0,9,18,27,36,45;4,3,2,11,10,19,28,37,46,55,64;70,61,52
9,0,0,8;48,39,30,31,32,23,24,25,34;50,51,52,43;66,75,76,77,78,79,80;35,44,53,62,71,70,69,68,67;16,15,14,13,12,11,10,19,28,37,46,55,64,65;74,73,72,63,54,45,36,27,18,9,0,1,2,3,4,5,6,7,8,17,26;22,21,20,29,38,47,56,57,58,49,40,41,42,33;61,60,59
9,0,0,7;65,66,57;39,30,21,22,23,24,25,34,43,52,61,70;41,50,59,68,67;8,7,6,5,4,3,2,1,10,19,28,27,36,45,54,63,72;18,9,0;46,37,38,29,20,11,12,13,14,15,16,17,26,35,44,53,62,71,80,79,78,69,60,51,42,33,32,31,40;77,76,75,74,73,64,55,56,47,48,49,58
9,0,0,6;67,58,49,40,41,32,33;52,61,70,69;24,23,22,21,20,29,38,47;56,65,74,73,72,63,54,45,36,27,18,9,0,1,2,3,4,5,6,7,8,17,26,35,44,53,62,71,80,79,78,77,68,59,60;31,30,39,48,57,66,75,76;50,51,42,43,34,25,16,15,14,13,12,11,10,19,28,37,46,55,64
9,0,0,7;0,1,2,3,4,5,6,7,8,17,26,35;40,41,50,51,52;57,56,47,38,29,30,31,32,33,42,43,44,53;39,48,49,58,59,60,61,62,71,80,79,78,77,76,75;19,20,21,22,23,24;74,73,72,63,54,45,36,27,18,9,10,11,12,13,14,15,16,25,34;70,69,68,67,66,65,64,55,46,37,28
9,0,0,8;58,59,60,51,42,33,24,15,16;23,14,5,4,3,2,1,0;64,55,46,37;25,34,43,52,61,70,69,68,67;32,41,50,49,48,57,66,75,76,77,78,79,80,71,62,53,44,35,26,17,8,7,6;18,19,20,21,30;29,28,27;9,10,11,12,13,22,31,40,39,38,47,56,65,74,73,72,63,54,45,36
9,0,0,8;22,31,40;50,49,58,57,56,55,54,45,36,27,18,9,0,1,2,3;24,33,42;41,32,23,14,15,16,25,34,43,52,51,60,59,68,67,66,65,64;38,29,20;61,70,69;63,72,73,74,75,76,77,78,79,80,71,62,53,44,35,26,17,8,7,6,5,4,13,12,21,30,39,48,47,46,37,28;19,10,11
9,0,0,9;40,41,50,51,52,43,34,25,16;42,33,32,23,14,13,12,11;2,1,10,19,28,29,38,47,46,55,64,65,66,67,68,69,78,79,80,71,62,53,44,35,26,17,8,7,6,15,24;22,21,20;70,61,60,59,58,49;45,54,63,72,73,74,75,76,77;3,4,5;0,9,18,27,36,37;31,30,39,48,57,56
9,0,0,9;72,63,54,45,46,47;8,17,26,35,34,33,32,23,22,21,20,11,10;59,58,49,48,39,38;74,73,64,55,56,57;65,66,75,76,77,78,79,70,61,52;4,5,6,7,16;67,68,69,60,51,50;37,36,27,18,9,0,1,2,3,12,13,14,15,24,25;80,71,62,53,44,43,42,41,40,31,30,29,28,19
9,0,0,9;72,63,54,55,56,57,58,59;39,30,21,12,13,14,15,16,25,34;0,1,2,3,4,5,6,7,8,17,26,35,44,53,62,71,80,79,78,77,76,75,74,73;31,32,41;48,47,46,45;29,28,19;22,23,24,33,42,43,52,61,70,69,68,67,66,65,64;20,11,10,9,18,27,36,37,38;60,51,50,49,40
9,0,0,9;74,65,56,47,38,29;10,11,2,3,4,13,22,31,30,39,48,57,66,75;80,79,78,77,68,59,50,41,32;72,73,64,55,46,37,28,19,20,21,12;71,70,69,60,51,42,33,24,15,16;1,0,9,18,27,36,45,54,63;40,49,58,67,76;52,43,34,25;23,14,5,6,7,8,17,26,35,44,53,62,61
9,0,0,8;10,11,12,13,22,31,32;2,3,4,5,14,23,24,33,42,51,60,59,58;76,77,78,79,80,71,62,53,44,35,26,17,8,7,6;64,55,46,37,28,19,18,9,0,1;47,38,29,20,21;50,49,48,57,56,65;15,16,25,34,43,52,61,70,69,68,67,66,75,74,73,72,63,54,45,36,27;41,40,39,30
9,0,0,8;12,11,2,1,0,9,18,27,36,45,54,63,72,73,74,75,76,77,78,79,80,71,62,53;35,34,33,42,51,60,59,68,67,66,65;28,19,10;20,29,38,37;16,15,14,13,22,31,40;69,70,61,52,43,44;46,47,48,39,30,21;64,55,56,57,58,49,50,41,32,23,24,25,26,17,8,7,6,5,4,3
9,0,0,10;28,37,46,55,64,73,72;7,8,17;68,77,76,75,74,65,56,47,38,29;9,0,1,2,3,4,5,6,15,16,25,26,35;49,48,57;70,61,52,43,34,33,24,23,14,13,12,11,10;50,59,58,67,66;44,53,62,71,80,79,78,69,60,51;42,41,40,39,30,21,20,19,18,27,36,45,54,63;22,31,32
9,0,0,8;33,32,41,50;22,23,24,25,34,43,42,51,60,59;8,17,26,35,44,53,52,61,70,69,68,77,76,75,74,73,72,63,54,45;7,6,5,4,3,2,1,0,9,18,27,28,29,38,47,56;57,48,39;78,79,80,71,62;36,37,46,55,64,65,66,67,58,49,40,31,30,21,20,19,10;16,15,14,13,12,11
9,0,0,10;31,30,29,38,37,36,45,54,63,64,65,56,57,58,67,76;21,20,19,10;72,73,74,75,66;17,26,25,24;33,34,35,44,53,62,71,80,79,78,69,60,51,50,49;28,27,18,9,0,1,2,11,12,13,22;8,7,16,15,14,23,32;77,68,59;3,4,5,6;55,46,47,48,39,40,41,42,43,52,61,70
9,0,0,7;71,80,79,78,77,76,67,58,59,60;24,23,22,13,4,5,6,7,8,17,26,35,44,53,62,61,70,69,68;29,30,21,12,3;31,32,33,42;10,9,18,27,36,45,54,63,72,73,74,75;14,15,16,25,34,43,52,51,50,49,48,57,66,65,64,55,46,37,28,19,20,11,2,1,0;41,40,39,38,47,56
9,0,0,8;74,65,66,67;72,63,54,45,36,27,18,9,0,1;47,48,57,58;73,64,55,56;31,32,41,50,59,68,77,76,75;38,29,20,11,12,13,14,15,16,25,34,43,52,61,70;46,37,28,19,10;2,3,4,5,6,7,8,17,26,35,44,53,62,71,80,79,78,69,60,51,42,33,24,23,22,21,30,39,40,49
9,0,0,8;35,34,25,16,15;72,73,74,75,76,77,78,79,80;60,59,58,49,40,39;52,51,50,41,32,31,30,21;61,62,53,44,43,42,33,24,23,22,13,12,11,10,19,28,37,46,55,56;57,48,47,38,29,20;6,7,8,17,26;14,5,4,3,2,1,0,9,18,27,36,45,54,63,64,65,66,67,68,69,70,71
9,0,0,7;24,33,34;44,35,26,17,8,7,6,5,4,3,2,1,0,9,18,19,20,21,30,39,40;53,62,71,80,79,78,77,76,67,66,65,64,63,54,45,36,27,28,29,38,47,48,49;10,11,12,13,22,31,32,41,50,51,60;37,46,55,56,57,58,59,68,69,70,61,52,43,42;23,14,15,16,25;72,73,74,75
9,0,0,10;69,60,59,58;57,66,67,68;29,30,31,32,33;3,4,5,14;9,0,1,2,11,12;73,72,63,54,45,36;13,22,23,24,15,6,7,8,17,26,35,44,53,62,71,80,79,78,77,76,75,74,65,64,55,46;70,61,52,51,50,49,48,47,56;10,19,20,21;16,25,34,43,42,41,40,39,38,37,28,27,18
9,0,0,9;69,68,67,66,65,64,63,72;35,44,53,62,71,80;26,17,8,7,6,5,4,3,2,1,0,9,18,27,36,45,54,55,56;20,29,38;73,74,75,76,77,78,79,70,61,60,51;52,43,42,41,50,59,58,57,48,47,46,37,28,19,10,11;31,32,33;22,23,24;34,25,16,15,14,13,12,21,30,39,40,49
9,0,0,8;41,50,59,68,69,78;28,19,10,1,2,3,4,5,14,23,24,25,16;47,48,39,30,21,22;0,9,18,27,36,45,54,63,64,65,66,67;80,71,62,53,52;79,70,61,60,51,42,43,44,35,26,17,8,7,6,15;13,12,11,20,29,38,37,46,55,56,57,58,49,40,31,32,33,34;72,73,74,75,76,77
9,0,0,8;23,24,25,34,43,52,61,70,69,78;54,63,72,73,74,75,76,77,68;50,49,48,47,38,29,20;67,58,57,56,55,46,37,28,19,10,11;2,1,0,9,18,27,36,45;64,65,66;8,7,6,5,4,3,12,21,30,39,40,41;79,80,71,62,53,44,35,26,17,16,15,14,13,22,31,32,33,42,51,60,59
